 1.000000e+00  3.986862e+01  1.000000e+00  3.141593e+00 
 1.023293e+00  3.986862e+01  1.023293e+00  3.141593e+00 
 1.047129e+00  3.986862e+01  1.047129e+00  3.141593e+00 
 1.071519e+00  3.986862e+01  1.071519e+00  3.141593e+00 
 1.096478e+00  3.986862e+01  1.096478e+00  3.141593e+00 
 1.122018e+00  3.986862e+01  1.122018e+00  3.141593e+00 
 1.148154e+00  3.986862e+01  1.148154e+00  3.141593e+00 
 1.174898e+00  3.986862e+01  1.174898e+00  3.141593e+00 
 1.202264e+00  3.986862e+01  1.202264e+00  3.141593e+00 
 1.230269e+00  3.986862e+01  1.230269e+00  3.141593e+00 
 1.258925e+00  3.986862e+01  1.258925e+00  3.141593e+00 
 1.288250e+00  3.986862e+01  1.288250e+00  3.141593e+00 
 1.318257e+00  3.986862e+01  1.318257e+00  3.141593e+00 
 1.348963e+00  3.986862e+01  1.348963e+00  3.141593e+00 
 1.380384e+00  3.986862e+01  1.380384e+00  3.141593e+00 
 1.412538e+00  3.986862e+01  1.412538e+00  3.141593e+00 
 1.445440e+00  3.986862e+01  1.445440e+00  3.141593e+00 
 1.479108e+00  3.986862e+01  1.479108e+00  3.141593e+00 
 1.513561e+00  3.986862e+01  1.513561e+00  3.141593e+00 
 1.548817e+00  3.986862e+01  1.548817e+00  3.141593e+00 
 1.584893e+00  3.986862e+01  1.584893e+00  3.141593e+00 
 1.621810e+00  3.986862e+01  1.621810e+00  3.141593e+00 
 1.659587e+00  3.986862e+01  1.659587e+00  3.141593e+00 
 1.698244e+00  3.986862e+01  1.698244e+00  3.141593e+00 
 1.737801e+00  3.986862e+01  1.737801e+00  3.141593e+00 
 1.778279e+00  3.986862e+01  1.778279e+00  3.141593e+00 
 1.819701e+00  3.986862e+01  1.819701e+00  3.141593e+00 
 1.862087e+00  3.986862e+01  1.862087e+00  3.141593e+00 
 1.905461e+00  3.986862e+01  1.905461e+00  3.141593e+00 
 1.949845e+00  3.986862e+01  1.949845e+00  3.141593e+00 
 1.995262e+00  3.986862e+01  1.995262e+00  3.141593e+00 
 2.041738e+00  3.986862e+01  2.041738e+00  3.141593e+00 
 2.089296e+00  3.986862e+01  2.089296e+00  3.141593e+00 
 2.137962e+00  3.986862e+01  2.137962e+00  3.141593e+00 
 2.187762e+00  3.986862e+01  2.187762e+00  3.141593e+00 
 2.238721e+00  3.986862e+01  2.238721e+00  3.141593e+00 
 2.290868e+00  3.986862e+01  2.290868e+00  3.141593e+00 
 2.344229e+00  3.986862e+01  2.344229e+00  3.141593e+00 
 2.398833e+00  3.986862e+01  2.398833e+00  3.141593e+00 
 2.454709e+00  3.986862e+01  2.454709e+00  3.141593e+00 
 2.511886e+00  3.986862e+01  2.511886e+00  3.141593e+00 
 2.570396e+00  3.986862e+01  2.570396e+00  3.141593e+00 
 2.630268e+00  3.986862e+01  2.630268e+00  3.141593e+00 
 2.691535e+00  3.986862e+01  2.691535e+00  3.141593e+00 
 2.754229e+00  3.986862e+01  2.754229e+00  3.141593e+00 
 2.818383e+00  3.986862e+01  2.818383e+00  3.141593e+00 
 2.884032e+00  3.986862e+01  2.884032e+00  3.141593e+00 
 2.951209e+00  3.986862e+01  2.951209e+00  3.141593e+00 
 3.019952e+00  3.986862e+01  3.019952e+00  3.141593e+00 
 3.090295e+00  3.986862e+01  3.090295e+00  3.141593e+00 
 3.162278e+00  3.986862e+01  3.162278e+00  3.141593e+00 
 3.235937e+00  3.986862e+01  3.235937e+00  3.141593e+00 
 3.311311e+00  3.986862e+01  3.311311e+00  3.141593e+00 
 3.388442e+00  3.986862e+01  3.388442e+00  3.141593e+00 
 3.467369e+00  3.986862e+01  3.467369e+00  3.141593e+00 
 3.548134e+00  3.986862e+01  3.548134e+00  3.141593e+00 
 3.630781e+00  3.986862e+01  3.630781e+00  3.141593e+00 
 3.715352e+00  3.986862e+01  3.715352e+00  3.141593e+00 
 3.801894e+00  3.986862e+01  3.801894e+00  3.141593e+00 
 3.890451e+00  3.986862e+01  3.890451e+00  3.141593e+00 
 3.981072e+00  3.986862e+01  3.981072e+00  3.141593e+00 
 4.073803e+00  3.986862e+01  4.073803e+00  3.141593e+00 
 4.168694e+00  3.986862e+01  4.168694e+00  3.141593e+00 
 4.265795e+00  3.986862e+01  4.265795e+00  3.141593e+00 
 4.365158e+00  3.986862e+01  4.365158e+00  3.141593e+00 
 4.466836e+00  3.986862e+01  4.466836e+00  3.141593e+00 
 4.570882e+00  3.986862e+01  4.570882e+00  3.141593e+00 
 4.677351e+00  3.986862e+01  4.677351e+00  3.141593e+00 
 4.786301e+00  3.986862e+01  4.786301e+00  3.141593e+00 
 4.897788e+00  3.986862e+01  4.897788e+00  3.141593e+00 
 5.011872e+00  3.986862e+01  5.011872e+00  3.141593e+00 
 5.128614e+00  3.986862e+01  5.128614e+00  3.141593e+00 
 5.248075e+00  3.986862e+01  5.248075e+00  3.141593e+00 
 5.370318e+00  3.986862e+01  5.370318e+00  3.141593e+00 
 5.495409e+00  3.986862e+01  5.495409e+00  3.141593e+00 
 5.623413e+00  3.986862e+01  5.623413e+00  3.141593e+00 
 5.754399e+00  3.986862e+01  5.754399e+00  3.141593e+00 
 5.888437e+00  3.986862e+01  5.888437e+00  3.141593e+00 
 6.025596e+00  3.986862e+01  6.025596e+00  3.141593e+00 
 6.165950e+00  3.986862e+01  6.165950e+00  3.141593e+00 
 6.309573e+00  3.986862e+01  6.309573e+00  3.141593e+00 
 6.456542e+00  3.986862e+01  6.456542e+00  3.141593e+00 
 6.606934e+00  3.986862e+01  6.606934e+00  3.141593e+00 
 6.760830e+00  3.986862e+01  6.760830e+00  3.141593e+00 
 6.918310e+00  3.986862e+01  6.918310e+00  3.141593e+00 
 7.079458e+00  3.986862e+01  7.079458e+00  3.141593e+00 
 7.244360e+00  3.986862e+01  7.244360e+00  3.141593e+00 
 7.413102e+00  3.986862e+01  7.413102e+00  3.141593e+00 
 7.585776e+00  3.986862e+01  7.585776e+00  3.141593e+00 
 7.762471e+00  3.986862e+01  7.762471e+00  3.141593e+00 
 7.943282e+00  3.986862e+01  7.943282e+00  3.141593e+00 
 8.128305e+00  3.986862e+01  8.128305e+00  3.141593e+00 
 8.317638e+00  3.986862e+01  8.317638e+00  3.141593e+00 
 8.511380e+00  3.986862e+01  8.511380e+00  3.141593e+00 
 8.709636e+00  3.986862e+01  8.709636e+00  3.141593e+00 
 8.912509e+00  3.986862e+01  8.912509e+00  3.141593e+00 
 9.120108e+00  3.986862e+01  9.120108e+00  3.141593e+00 
 9.332543e+00  3.986862e+01  9.332543e+00  3.141593e+00 
 9.549926e+00  3.986862e+01  9.549926e+00  3.141593e+00 
 9.772372e+00  3.986862e+01  9.772372e+00  3.141593e+00 
 1.000000e+01  3.986862e+01  1.000000e+01  3.141593e+00 
 1.023293e+01  3.986862e+01  1.023293e+01  3.141593e+00 
 1.047129e+01  3.986862e+01  1.047129e+01  3.141593e+00 
 1.071519e+01  3.986862e+01  1.071519e+01  3.141593e+00 
 1.096478e+01  3.986862e+01  1.096478e+01  3.141593e+00 
 1.122018e+01  3.986862e+01  1.122018e+01  3.141593e+00 
 1.148154e+01  3.986862e+01  1.148154e+01  3.141593e+00 
 1.174898e+01  3.986862e+01  1.174898e+01  3.141593e+00 
 1.202264e+01  3.986862e+01  1.202264e+01  3.141593e+00 
 1.230269e+01  3.986862e+01  1.230269e+01  3.141593e+00 
 1.258925e+01  3.986862e+01  1.258925e+01  3.141593e+00 
 1.288250e+01  3.986862e+01  1.288250e+01  3.141593e+00 
 1.318257e+01  3.986862e+01  1.318257e+01  3.141593e+00 
 1.348963e+01  3.986862e+01  1.348963e+01  3.141593e+00 
 1.380384e+01  3.986862e+01  1.380384e+01  3.141593e+00 
 1.412538e+01  3.986862e+01  1.412538e+01  3.141593e+00 
 1.445440e+01  3.986862e+01  1.445440e+01  3.141593e+00 
 1.479108e+01  3.986862e+01  1.479108e+01  3.141593e+00 
 1.513561e+01  3.986862e+01  1.513561e+01  3.141593e+00 
 1.548817e+01  3.986862e+01  1.548817e+01  3.141593e+00 
 1.584893e+01  3.986862e+01  1.584893e+01  3.141593e+00 
 1.621810e+01  3.986862e+01  1.621810e+01  3.141593e+00 
 1.659587e+01  3.986862e+01  1.659587e+01  3.141593e+00 
 1.698244e+01  3.986862e+01  1.698244e+01  3.141593e+00 
 1.737801e+01  3.986862e+01  1.737801e+01  3.141593e+00 
 1.778279e+01  3.986862e+01  1.778279e+01  3.141593e+00 
 1.819701e+01  3.986862e+01  1.819701e+01  3.141593e+00 
 1.862087e+01  3.986862e+01  1.862087e+01  3.141593e+00 
 1.905461e+01  3.986862e+01  1.905461e+01  3.141593e+00 
 1.949845e+01  3.986862e+01  1.949845e+01  3.141593e+00 
 1.995262e+01  3.986862e+01  1.995262e+01  3.141593e+00 
 2.041738e+01  3.986862e+01  2.041738e+01  3.141593e+00 
 2.089296e+01  3.986862e+01  2.089296e+01  3.141593e+00 
 2.137962e+01  3.986862e+01  2.137962e+01  3.141593e+00 
 2.187762e+01  3.986862e+01  2.187762e+01  3.141593e+00 
 2.238721e+01  3.986862e+01  2.238721e+01  3.141593e+00 
 2.290868e+01  3.986862e+01  2.290868e+01  3.141593e+00 
 2.344229e+01  3.986862e+01  2.344229e+01  3.141593e+00 
 2.398833e+01  3.986862e+01  2.398833e+01  3.141593e+00 
 2.454709e+01  3.986862e+01  2.454709e+01  3.141593e+00 
 2.511886e+01  3.986862e+01  2.511886e+01  3.141593e+00 
 2.570396e+01  3.986862e+01  2.570396e+01  3.141593e+00 
 2.630268e+01  3.986862e+01  2.630268e+01  3.141593e+00 
 2.691535e+01  3.986862e+01  2.691535e+01  3.141593e+00 
 2.754229e+01  3.986862e+01  2.754229e+01  3.141593e+00 
 2.818383e+01  3.986862e+01  2.818383e+01  3.141593e+00 
 2.884032e+01  3.986862e+01  2.884032e+01  3.141593e+00 
 2.951209e+01  3.986862e+01  2.951209e+01  3.141593e+00 
 3.019952e+01  3.986862e+01  3.019952e+01  3.141593e+00 
 3.090295e+01  3.986862e+01  3.090295e+01  3.141593e+00 
 3.162278e+01  3.986862e+01  3.162278e+01  3.141593e+00 
 3.235937e+01  3.986862e+01  3.235937e+01  3.141593e+00 
 3.311311e+01  3.986862e+01  3.311311e+01  3.141593e+00 
 3.388442e+01  3.986862e+01  3.388442e+01  3.141593e+00 
 3.467369e+01  3.986862e+01  3.467369e+01  3.141593e+00 
 3.548134e+01  3.986862e+01  3.548134e+01  3.141593e+00 
 3.630781e+01  3.986862e+01  3.630781e+01  3.141593e+00 
 3.715352e+01  3.986862e+01  3.715352e+01  3.141592e+00 
 3.801894e+01  3.986862e+01  3.801894e+01  3.141592e+00 
 3.890451e+01  3.986862e+01  3.890451e+01  3.141592e+00 
 3.981072e+01  3.986862e+01  3.981072e+01  3.141592e+00 
 4.073803e+01  3.986862e+01  4.073803e+01  3.141592e+00 
 4.168694e+01  3.986862e+01  4.168694e+01  3.141592e+00 
 4.265795e+01  3.986862e+01  4.265795e+01  3.141592e+00 
 4.365158e+01  3.986862e+01  4.365158e+01  3.141592e+00 
 4.466836e+01  3.986862e+01  4.466836e+01  3.141592e+00 
 4.570882e+01  3.986862e+01  4.570882e+01  3.141592e+00 
 4.677351e+01  3.986862e+01  4.677351e+01  3.141592e+00 
 4.786301e+01  3.986862e+01  4.786301e+01  3.141592e+00 
 4.897788e+01  3.986862e+01  4.897788e+01  3.141592e+00 
 5.011872e+01  3.986862e+01  5.011872e+01  3.141592e+00 
 5.128614e+01  3.986862e+01  5.128614e+01  3.141592e+00 
 5.248075e+01  3.986862e+01  5.248075e+01  3.141592e+00 
 5.370318e+01  3.986862e+01  5.370318e+01  3.141592e+00 
 5.495409e+01  3.986862e+01  5.495409e+01  3.141592e+00 
 5.623413e+01  3.986862e+01  5.623413e+01  3.141592e+00 
 5.754399e+01  3.986862e+01  5.754399e+01  3.141592e+00 
 5.888437e+01  3.986862e+01  5.888437e+01  3.141592e+00 
 6.025596e+01  3.986862e+01  6.025596e+01  3.141592e+00 
 6.165950e+01  3.986862e+01  6.165950e+01  3.141592e+00 
 6.309573e+01  3.986862e+01  6.309573e+01  3.141592e+00 
 6.456542e+01  3.986862e+01  6.456542e+01  3.141592e+00 
 6.606934e+01  3.986862e+01  6.606934e+01  3.141592e+00 
 6.760830e+01  3.986862e+01  6.760830e+01  3.141592e+00 
 6.918310e+01  3.986862e+01  6.918310e+01  3.141592e+00 
 7.079458e+01  3.986862e+01  7.079458e+01  3.141592e+00 
 7.244360e+01  3.986862e+01  7.244360e+01  3.141592e+00 
 7.413102e+01  3.986862e+01  7.413102e+01  3.141592e+00 
 7.585776e+01  3.986862e+01  7.585776e+01  3.141592e+00 
 7.762471e+01  3.986862e+01  7.762471e+01  3.141592e+00 
 7.943282e+01  3.986862e+01  7.943282e+01  3.141592e+00 
 8.128305e+01  3.986862e+01  8.128305e+01  3.141592e+00 
 8.317638e+01  3.986862e+01  8.317638e+01  3.141592e+00 
 8.511380e+01  3.986862e+01  8.511380e+01  3.141592e+00 
 8.709636e+01  3.986862e+01  8.709636e+01  3.141592e+00 
 8.912509e+01  3.986862e+01  8.912509e+01  3.141592e+00 
 9.120108e+01  3.986862e+01  9.120108e+01  3.141592e+00 
 9.332543e+01  3.986862e+01  9.332543e+01  3.141592e+00 
 9.549926e+01  3.986862e+01  9.549926e+01  3.141592e+00 
 9.772372e+01  3.986862e+01  9.772372e+01  3.141592e+00 
 1.000000e+02  3.986862e+01  1.000000e+02  3.141592e+00 
 1.023293e+02  3.986862e+01  1.023293e+02  3.141592e+00 
 1.047129e+02  3.986862e+01  1.047129e+02  3.141592e+00 
 1.071519e+02  3.986862e+01  1.071519e+02  3.141592e+00 
 1.096478e+02  3.986862e+01  1.096478e+02  3.141592e+00 
 1.122018e+02  3.986862e+01  1.122018e+02  3.141592e+00 
 1.148154e+02  3.986862e+01  1.148154e+02  3.141592e+00 
 1.174898e+02  3.986862e+01  1.174898e+02  3.141592e+00 
 1.202264e+02  3.986862e+01  1.202264e+02  3.141592e+00 
 1.230269e+02  3.986862e+01  1.230269e+02  3.141592e+00 
 1.258925e+02  3.986862e+01  1.258925e+02  3.141592e+00 
 1.288250e+02  3.986862e+01  1.288250e+02  3.141592e+00 
 1.318257e+02  3.986862e+01  1.318257e+02  3.141592e+00 
 1.348963e+02  3.986862e+01  1.348963e+02  3.141592e+00 
 1.380384e+02  3.986862e+01  1.380384e+02  3.141592e+00 
 1.412538e+02  3.986862e+01  1.412538e+02  3.141592e+00 
 1.445440e+02  3.986862e+01  1.445440e+02  3.141592e+00 
 1.479108e+02  3.986862e+01  1.479108e+02  3.141592e+00 
 1.513561e+02  3.986862e+01  1.513561e+02  3.141592e+00 
 1.548817e+02  3.986862e+01  1.548817e+02  3.141592e+00 
 1.584893e+02  3.986862e+01  1.584893e+02  3.141592e+00 
 1.621810e+02  3.986862e+01  1.621810e+02  3.141592e+00 
 1.659587e+02  3.986862e+01  1.659587e+02  3.141592e+00 
 1.698244e+02  3.986862e+01  1.698244e+02  3.141592e+00 
 1.737801e+02  3.986862e+01  1.737801e+02  3.141592e+00 
 1.778279e+02  3.986862e+01  1.778279e+02  3.141592e+00 
 1.819701e+02  3.986862e+01  1.819701e+02  3.141592e+00 
 1.862087e+02  3.986862e+01  1.862087e+02  3.141592e+00 
 1.905461e+02  3.986862e+01  1.905461e+02  3.141592e+00 
 1.949845e+02  3.986862e+01  1.949845e+02  3.141592e+00 
 1.995262e+02  3.986862e+01  1.995262e+02  3.141592e+00 
 2.041738e+02  3.986862e+01  2.041738e+02  3.141592e+00 
 2.089296e+02  3.986862e+01  2.089296e+02  3.141592e+00 
 2.137962e+02  3.986862e+01  2.137962e+02  3.141592e+00 
 2.187762e+02  3.986862e+01  2.187762e+02  3.141592e+00 
 2.238721e+02  3.986862e+01  2.238721e+02  3.141592e+00 
 2.290868e+02  3.986862e+01  2.290868e+02  3.141592e+00 
 2.344229e+02  3.986862e+01  2.344229e+02  3.141592e+00 
 2.398833e+02  3.986862e+01  2.398833e+02  3.141592e+00 
 2.454709e+02  3.986862e+01  2.454709e+02  3.141592e+00 
 2.511886e+02  3.986862e+01  2.511886e+02  3.141592e+00 
 2.570396e+02  3.986862e+01  2.570396e+02  3.141592e+00 
 2.630268e+02  3.986862e+01  2.630268e+02  3.141592e+00 
 2.691535e+02  3.986862e+01  2.691535e+02  3.141592e+00 
 2.754229e+02  3.986862e+01  2.754229e+02  3.141592e+00 
 2.818383e+02  3.986862e+01  2.818383e+02  3.141591e+00 
 2.884032e+02  3.986862e+01  2.884032e+02  3.141591e+00 
 2.951209e+02  3.986862e+01  2.951209e+02  3.141591e+00 
 3.019952e+02  3.986862e+01  3.019952e+02  3.141591e+00 
 3.090295e+02  3.986862e+01  3.090295e+02  3.141591e+00 
 3.162278e+02  3.986862e+01  3.162278e+02  3.141591e+00 
 3.235937e+02  3.986862e+01  3.235937e+02  3.141591e+00 
 3.311311e+02  3.986862e+01  3.311311e+02  3.141591e+00 
 3.388442e+02  3.986862e+01  3.388442e+02  3.141591e+00 
 3.467369e+02  3.986862e+01  3.467369e+02  3.141591e+00 
 3.548134e+02  3.986862e+01  3.548134e+02  3.141591e+00 
 3.630781e+02  3.986862e+01  3.630781e+02  3.141591e+00 
 3.715352e+02  3.986862e+01  3.715352e+02  3.141591e+00 
 3.801894e+02  3.986862e+01  3.801894e+02  3.141591e+00 
 3.890451e+02  3.986862e+01  3.890451e+02  3.141591e+00 
 3.981072e+02  3.986862e+01  3.981072e+02  3.141591e+00 
 4.073803e+02  3.986862e+01  4.073803e+02  3.141591e+00 
 4.168694e+02  3.986862e+01  4.168694e+02  3.141591e+00 
 4.265795e+02  3.986862e+01  4.265795e+02  3.141591e+00 
 4.365158e+02  3.986862e+01  4.365158e+02  3.141591e+00 
 4.466836e+02  3.986862e+01  4.466836e+02  3.141591e+00 
 4.570882e+02  3.986862e+01  4.570882e+02  3.141591e+00 
 4.677351e+02  3.986862e+01  4.677351e+02  3.141591e+00 
 4.786301e+02  3.986862e+01  4.786301e+02  3.141591e+00 
 4.897788e+02  3.986862e+01  4.897788e+02  3.141591e+00 
 5.011872e+02  3.986862e+01  5.011872e+02  3.141591e+00 
 5.128614e+02  3.986862e+01  5.128614e+02  3.141591e+00 
 5.248075e+02  3.986862e+01  5.248075e+02  3.141590e+00 
 5.370318e+02  3.986862e+01  5.370318e+02  3.141590e+00 
 5.495409e+02  3.986862e+01  5.495409e+02  3.141590e+00 
 5.623413e+02  3.986862e+01  5.623413e+02  3.141590e+00 
 5.754399e+02  3.986862e+01  5.754399e+02  3.141590e+00 
 5.888437e+02  3.986862e+01  5.888437e+02  3.141590e+00 
 6.025596e+02  3.986862e+01  6.025596e+02  3.141590e+00 
 6.165950e+02  3.986862e+01  6.165950e+02  3.141590e+00 
 6.309573e+02  3.986862e+01  6.309573e+02  3.141590e+00 
 6.456542e+02  3.986862e+01  6.456542e+02  3.141590e+00 
 6.606934e+02  3.986862e+01  6.606934e+02  3.141590e+00 
 6.760830e+02  3.986862e+01  6.760830e+02  3.141590e+00 
 6.918310e+02  3.986862e+01  6.918310e+02  3.141590e+00 
 7.079458e+02  3.986862e+01  7.079458e+02  3.141590e+00 
 7.244360e+02  3.986862e+01  7.244360e+02  3.141590e+00 
 7.413102e+02  3.986862e+01  7.413102e+02  3.141590e+00 
 7.585776e+02  3.986862e+01  7.585776e+02  3.141589e+00 
 7.762471e+02  3.986862e+01  7.762471e+02  3.141589e+00 
 7.943282e+02  3.986862e+01  7.943282e+02  3.141589e+00 
 8.128305e+02  3.986862e+01  8.128305e+02  3.141589e+00 
 8.317638e+02  3.986862e+01  8.317638e+02  3.141589e+00 
 8.511380e+02  3.986862e+01  8.511380e+02  3.141589e+00 
 8.709636e+02  3.986862e+01  8.709636e+02  3.141589e+00 
 8.912509e+02  3.986862e+01  8.912509e+02  3.141589e+00 
 9.120108e+02  3.986862e+01  9.120108e+02  3.141589e+00 
 9.332543e+02  3.986862e+01  9.332543e+02  3.141589e+00 
 9.549926e+02  3.986862e+01  9.549926e+02  3.141589e+00 
 9.772372e+02  3.986862e+01  9.772372e+02  3.141589e+00 
 1.000000e+03  3.986862e+01  1.000000e+03  3.141588e+00 
 1.023293e+03  3.986862e+01  1.023293e+03  3.141588e+00 
 1.047129e+03  3.986862e+01  1.047129e+03  3.141588e+00 
 1.071519e+03  3.986862e+01  1.071519e+03  3.141588e+00 
 1.096478e+03  3.986862e+01  1.096478e+03  3.141588e+00 
 1.122018e+03  3.986862e+01  1.122018e+03  3.141588e+00 
 1.148154e+03  3.986862e+01  1.148154e+03  3.141588e+00 
 1.174898e+03  3.986862e+01  1.174898e+03  3.141588e+00 
 1.202264e+03  3.986862e+01  1.202264e+03  3.141588e+00 
 1.230269e+03  3.986862e+01  1.230269e+03  3.141588e+00 
 1.258925e+03  3.986862e+01  1.258925e+03  3.141587e+00 
 1.288250e+03  3.986862e+01  1.288250e+03  3.141587e+00 
 1.318257e+03  3.986862e+01  1.318257e+03  3.141587e+00 
 1.348963e+03  3.986862e+01  1.348963e+03  3.141587e+00 
 1.380384e+03  3.986862e+01  1.380384e+03  3.141587e+00 
 1.412538e+03  3.986862e+01  1.412538e+03  3.141587e+00 
 1.445440e+03  3.986862e+01  1.445440e+03  3.141587e+00 
 1.479108e+03  3.986862e+01  1.479108e+03  3.141586e+00 
 1.513561e+03  3.986862e+01  1.513561e+03  3.141586e+00 
 1.548817e+03  3.986862e+01  1.548817e+03  3.141586e+00 
 1.584893e+03  3.986862e+01  1.584893e+03  3.141586e+00 
 1.621810e+03  3.986862e+01  1.621810e+03  3.141586e+00 
 1.659587e+03  3.986862e+01  1.659587e+03  3.141586e+00 
 1.698244e+03  3.986862e+01  1.698244e+03  3.141586e+00 
 1.737801e+03  3.986862e+01  1.737801e+03  3.141585e+00 
 1.778279e+03  3.986862e+01  1.778279e+03  3.141585e+00 
 1.819701e+03  3.986862e+01  1.819701e+03  3.141585e+00 
 1.862087e+03  3.986862e+01  1.862087e+03  3.141585e+00 
 1.905461e+03  3.986862e+01  1.905461e+03  3.141585e+00 
 1.949845e+03  3.986862e+01  1.949845e+03  3.141584e+00 
 1.995262e+03  3.986862e+01  1.995262e+03  3.141584e+00 
 2.041738e+03  3.986862e+01  2.041738e+03  3.141584e+00 
 2.089296e+03  3.986862e+01  2.089296e+03  3.141584e+00 
 2.137962e+03  3.986862e+01  2.137962e+03  3.141584e+00 
 2.187762e+03  3.986862e+01  2.187762e+03  3.141584e+00 
 2.238721e+03  3.986862e+01  2.238721e+03  3.141583e+00 
 2.290868e+03  3.986862e+01  2.290868e+03  3.141583e+00 
 2.344229e+03  3.986862e+01  2.344229e+03  3.141583e+00 
 2.398833e+03  3.986862e+01  2.398833e+03  3.141583e+00 
 2.454709e+03  3.986862e+01  2.454709e+03  3.141582e+00 
 2.511886e+03  3.986862e+01  2.511886e+03  3.141582e+00 
 2.570396e+03  3.986862e+01  2.570396e+03  3.141582e+00 
 2.630268e+03  3.986862e+01  2.630268e+03  3.141582e+00 
 2.691535e+03  3.986862e+01  2.691535e+03  3.141581e+00 
 2.754229e+03  3.986862e+01  2.754229e+03  3.141581e+00 
 2.818383e+03  3.986862e+01  2.818383e+03  3.141581e+00 
 2.884032e+03  3.986862e+01  2.884032e+03  3.141581e+00 
 2.951209e+03  3.986862e+01  2.951209e+03  3.141580e+00 
 3.019952e+03  3.986862e+01  3.019952e+03  3.141580e+00 
 3.090295e+03  3.986862e+01  3.090295e+03  3.141580e+00 
 3.162278e+03  3.986862e+01  3.162278e+03  3.141579e+00 
 3.235937e+03  3.986862e+01  3.235937e+03  3.141579e+00 
 3.311311e+03  3.986862e+01  3.311311e+03  3.141579e+00 
 3.388442e+03  3.986862e+01  3.388442e+03  3.141578e+00 
 3.467369e+03  3.986862e+01  3.467369e+03  3.141578e+00 
 3.548134e+03  3.986862e+01  3.548134e+03  3.141578e+00 
 3.630781e+03  3.986862e+01  3.630781e+03  3.141577e+00 
 3.715352e+03  3.986862e+01  3.715352e+03  3.141577e+00 
 3.801894e+03  3.986862e+01  3.801894e+03  3.141577e+00 
 3.890451e+03  3.986862e+01  3.890451e+03  3.141576e+00 
 3.981072e+03  3.986862e+01  3.981072e+03  3.141576e+00 
 4.073803e+03  3.986862e+01  4.073803e+03  3.141576e+00 
 4.168694e+03  3.986862e+01  4.168694e+03  3.141575e+00 
 4.265795e+03  3.986862e+01  4.265795e+03  3.141575e+00 
 4.365158e+03  3.986862e+01  4.365158e+03  3.141574e+00 
 4.466836e+03  3.986862e+01  4.466836e+03  3.141574e+00 
 4.570882e+03  3.986862e+01  4.570882e+03  3.141574e+00 
 4.677351e+03  3.986862e+01  4.677351e+03  3.141573e+00 
 4.786301e+03  3.986862e+01  4.786301e+03  3.141573e+00 
 4.897788e+03  3.986862e+01  4.897788e+03  3.141572e+00 
 5.011872e+03  3.986862e+01  5.011872e+03  3.141572e+00 
 5.128614e+03  3.986862e+01  5.128614e+03  3.141571e+00 
 5.248075e+03  3.986862e+01  5.248075e+03  3.141571e+00 
 5.370318e+03  3.986862e+01  5.370318e+03  3.141570e+00 
 5.495409e+03  3.986862e+01  5.495409e+03  3.141570e+00 
 5.623413e+03  3.986862e+01  5.623413e+03  3.141569e+00 
 5.754399e+03  3.986862e+01  5.754399e+03  3.141569e+00 
 5.888437e+03  3.986862e+01  5.888437e+03  3.141568e+00 
 6.025596e+03  3.986862e+01  6.025596e+03  3.141567e+00 
 6.165950e+03  3.986862e+01  6.165950e+03  3.141567e+00 
 6.309573e+03  3.986862e+01  6.309573e+03  3.141566e+00 
 6.456542e+03  3.986862e+01  6.456542e+03  3.141566e+00 
 6.606934e+03  3.986862e+01  6.606934e+03  3.141565e+00 
 6.760830e+03  3.986862e+01  6.760830e+03  3.141564e+00 
 6.918310e+03  3.986862e+01  6.918310e+03  3.141564e+00 
 7.079458e+03  3.986862e+01  7.079458e+03  3.141563e+00 
 7.244360e+03  3.986862e+01  7.244360e+03  3.141562e+00 
 7.413102e+03  3.986862e+01  7.413102e+03  3.141562e+00 
 7.585776e+03  3.986862e+01  7.585776e+03  3.141561e+00 
 7.762471e+03  3.986862e+01  7.762471e+03  3.141560e+00 
 7.943282e+03  3.986862e+01  7.943282e+03  3.141559e+00 
 8.128305e+03  3.986862e+01  8.128305e+03  3.141559e+00 
 8.317638e+03  3.986862e+01  8.317638e+03  3.141558e+00 
 8.511380e+03  3.986862e+01  8.511380e+03  3.141557e+00 
 8.709636e+03  3.986862e+01  8.709636e+03  3.141556e+00 
 8.912509e+03  3.986862e+01  8.912509e+03  3.141555e+00 
 9.120108e+03  3.986862e+01  9.120108e+03  3.141554e+00 
 9.332543e+03  3.986862e+01  9.332543e+03  3.141554e+00 
 9.549926e+03  3.986862e+01  9.549926e+03  3.141553e+00 
 9.772372e+03  3.986862e+01  9.772372e+03  3.141552e+00 
 1.000000e+04  3.986862e+01  1.000000e+04  3.141551e+00 
 1.023293e+04  3.986862e+01  1.023293e+04  3.141550e+00 
 1.047129e+04  3.986862e+01  1.047129e+04  3.141549e+00 
 1.071519e+04  3.986862e+01  1.071519e+04  3.141548e+00 
 1.096478e+04  3.986862e+01  1.096478e+04  3.141547e+00 
 1.122018e+04  3.986862e+01  1.122018e+04  3.141546e+00 
 1.148154e+04  3.986862e+01  1.148154e+04  3.141545e+00 
 1.174898e+04  3.986862e+01  1.174898e+04  3.141544e+00 
 1.202264e+04  3.986862e+01  1.202264e+04  3.141542e+00 
 1.230269e+04  3.986862e+01  1.230269e+04  3.141541e+00 
 1.258925e+04  3.986862e+01  1.258925e+04  3.141540e+00 
 1.288250e+04  3.986862e+01  1.288250e+04  3.141539e+00 
 1.318257e+04  3.986862e+01  1.318257e+04  3.141538e+00 
 1.348963e+04  3.986862e+01  1.348963e+04  3.141536e+00 
 1.380384e+04  3.986862e+01  1.380384e+04  3.141535e+00 
 1.412538e+04  3.986862e+01  1.412538e+04  3.141534e+00 
 1.445440e+04  3.986862e+01  1.445440e+04  3.141532e+00 
 1.479108e+04  3.986862e+01  1.479108e+04  3.141531e+00 
 1.513561e+04  3.986862e+01  1.513561e+04  3.141529e+00 
 1.548817e+04  3.986862e+01  1.548817e+04  3.141528e+00 
 1.584893e+04  3.986862e+01  1.584893e+04  3.141526e+00 
 1.621810e+04  3.986862e+01  1.621810e+04  3.141525e+00 
 1.659587e+04  3.986862e+01  1.659587e+04  3.141523e+00 
 1.698244e+04  3.986862e+01  1.698244e+04  3.141522e+00 
 1.737801e+04  3.986862e+01  1.737801e+04  3.141520e+00 
 1.778279e+04  3.986862e+01  1.778279e+04  3.141518e+00 
 1.819701e+04  3.986862e+01  1.819701e+04  3.141517e+00 
 1.862087e+04  3.986862e+01  1.862087e+04  3.141515e+00 
 1.905461e+04  3.986862e+01  1.905461e+04  3.141513e+00 
 1.949845e+04  3.986862e+01  1.949845e+04  3.141511e+00 
 1.995262e+04  3.986862e+01  1.995262e+04  3.141509e+00 
 2.041738e+04  3.986862e+01  2.041738e+04  3.141507e+00 
 2.089296e+04  3.986862e+01  2.089296e+04  3.141505e+00 
 2.137962e+04  3.986862e+01  2.137962e+04  3.141503e+00 
 2.187762e+04  3.986862e+01  2.187762e+04  3.141501e+00 
 2.238721e+04  3.986862e+01  2.238721e+04  3.141499e+00 
 2.290868e+04  3.986862e+01  2.290868e+04  3.141497e+00 
 2.344229e+04  3.986862e+01  2.344229e+04  3.141495e+00 
 2.398833e+04  3.986862e+01  2.398833e+04  3.141492e+00 
 2.454709e+04  3.986862e+01  2.454709e+04  3.141490e+00 
 2.511886e+04  3.986862e+01  2.511886e+04  3.141488e+00 
 2.570396e+04  3.986862e+01  2.570396e+04  3.141485e+00 
 2.630268e+04  3.986862e+01  2.630268e+04  3.141483e+00 
 2.691535e+04  3.986862e+01  2.691535e+04  3.141480e+00 
 2.754229e+04  3.986862e+01  2.754229e+04  3.141477e+00 
 2.818383e+04  3.986862e+01  2.818383e+04  3.141475e+00 
 2.884032e+04  3.986862e+01  2.884032e+04  3.141472e+00 
 2.951209e+04  3.986862e+01  2.951209e+04  3.141469e+00 
 3.019952e+04  3.986862e+01  3.019952e+04  3.141466e+00 
 3.090295e+04  3.986862e+01  3.090295e+04  3.141463e+00 
 3.162278e+04  3.986862e+01  3.162278e+04  3.141460e+00 
 3.235937e+04  3.986862e+01  3.235937e+04  3.141457e+00 
 3.311311e+04  3.986862e+01  3.311311e+04  3.141454e+00 
 3.388442e+04  3.986862e+01  3.388442e+04  3.141451e+00 
 3.467369e+04  3.986862e+01  3.467369e+04  3.141448e+00 
 3.548134e+04  3.986862e+01  3.548134e+04  3.141444e+00 
 3.630781e+04  3.986862e+01  3.630781e+04  3.141441e+00 
 3.715352e+04  3.986862e+01  3.715352e+04  3.141437e+00 
 3.801894e+04  3.986862e+01  3.801894e+04  3.141434e+00 
 3.890451e+04  3.986862e+01  3.890451e+04  3.141430e+00 
 3.981072e+04  3.986862e+01  3.981072e+04  3.141426e+00 
 4.073803e+04  3.986862e+01  4.073803e+04  3.141422e+00 
 4.168694e+04  3.986862e+01  4.168694e+04  3.141418e+00 
 4.265795e+04  3.986862e+01  4.265795e+04  3.141414e+00 
 4.365158e+04  3.986862e+01  4.365158e+04  3.141410e+00 
 4.466836e+04  3.986862e+01  4.466836e+04  3.141406e+00 
 4.570882e+04  3.986862e+01  4.570882e+04  3.141401e+00 
 4.677351e+04  3.986862e+01  4.677351e+04  3.141397e+00 
 4.786301e+04  3.986862e+01  4.786301e+04  3.141392e+00 
 4.897788e+04  3.986862e+01  4.897788e+04  3.141388e+00 
 5.011872e+04  3.986862e+01  5.011872e+04  3.141383e+00 
 5.128614e+04  3.986862e+01  5.128614e+04  3.141378e+00 
 5.248075e+04  3.986862e+01  5.248075e+04  3.141373e+00 
 5.370318e+04  3.986862e+01  5.370318e+04  3.141368e+00 
 5.495409e+04  3.986862e+01  5.495409e+04  3.141363e+00 
 5.623413e+04  3.986862e+01  5.623413e+04  3.141357e+00 
 5.754399e+04  3.986862e+01  5.754399e+04  3.141352e+00 
 5.888437e+04  3.986862e+01  5.888437e+04  3.141346e+00 
 6.025596e+04  3.986862e+01  6.025596e+04  3.141341e+00 
 6.165950e+04  3.986862e+01  6.165950e+04  3.141335e+00 
 6.309573e+04  3.986862e+01  6.309573e+04  3.141329e+00 
 6.456542e+04  3.986862e+01  6.456542e+04  3.141323e+00 
 6.606934e+04  3.986862e+01  6.606934e+04  3.141316e+00 
 6.760830e+04  3.986862e+01  6.760830e+04  3.141310e+00 
 6.918310e+04  3.986862e+01  6.918310e+04  3.141303e+00 
 7.079458e+04  3.986862e+01  7.079458e+04  3.141296e+00 
 7.244360e+04  3.986862e+01  7.244360e+04  3.141290e+00 
 7.413102e+04  3.986862e+01  7.413102e+04  3.141283e+00 
 7.585776e+04  3.986862e+01  7.585776e+04  3.141275e+00 
 7.762471e+04  3.986862e+01  7.762471e+04  3.141268e+00 
 7.943282e+04  3.986862e+01  7.943282e+04  3.141260e+00 
 8.128305e+04  3.986862e+01  8.128305e+04  3.141253e+00 
 8.317638e+04  3.986862e+01  8.317638e+04  3.141245e+00 
 8.511380e+04  3.986862e+01  8.511380e+04  3.141237e+00 
 8.709636e+04  3.986862e+01  8.709636e+04  3.141228e+00 
 8.912509e+04  3.986862e+01  8.912509e+04  3.141220e+00 
 9.120108e+04  3.986862e+01  9.120108e+04  3.141211e+00 
 9.332543e+04  3.986862e+01  9.332543e+04  3.141202e+00 
 9.549926e+04  3.986862e+01  9.549926e+04  3.141193e+00 
 9.772372e+04  3.986863e+01  9.772372e+04  3.141184e+00 
 1.000000e+05  3.986863e+01  1.000000e+05  3.141174e+00 
 1.023293e+05  3.986863e+01  1.023293e+05  3.141165e+00 
 1.047129e+05  3.986863e+01  1.047129e+05  3.141155e+00 
 1.071519e+05  3.986863e+01  1.071519e+05  3.141144e+00 
 1.096478e+05  3.986863e+01  1.096478e+05  3.141134e+00 
 1.122018e+05  3.986863e+01  1.122018e+05  3.141123e+00 
 1.148154e+05  3.986863e+01  1.148154e+05  3.141112e+00 
 1.174898e+05  3.986863e+01  1.174898e+05  3.141101e+00 
 1.202264e+05  3.986863e+01  1.202264e+05  3.141090e+00 
 1.230269e+05  3.986863e+01  1.230269e+05  3.141078e+00 
 1.258925e+05  3.986863e+01  1.258925e+05  3.141066e+00 
 1.288250e+05  3.986863e+01  1.288250e+05  3.141054e+00 
 1.318257e+05  3.986863e+01  1.318257e+05  3.141041e+00 
 1.348963e+05  3.986863e+01  1.348963e+05  3.141028e+00 
 1.380384e+05  3.986863e+01  1.380384e+05  3.141015e+00 
 1.412538e+05  3.986863e+01  1.412538e+05  3.141002e+00 
 1.445440e+05  3.986863e+01  1.445440e+05  3.140988e+00 
 1.479108e+05  3.986864e+01  1.479108e+05  3.140974e+00 
 1.513561e+05  3.986864e+01  1.513561e+05  3.140959e+00 
 1.548817e+05  3.986864e+01  1.548817e+05  3.140945e+00 
 1.584893e+05  3.986864e+01  1.584893e+05  3.140930e+00 
 1.621810e+05  3.986864e+01  1.621810e+05  3.140914e+00 
 1.659587e+05  3.986864e+01  1.659587e+05  3.140898e+00 
 1.698244e+05  3.986864e+01  1.698244e+05  3.140882e+00 
 1.737801e+05  3.986864e+01  1.737801e+05  3.140866e+00 
 1.778279e+05  3.986864e+01  1.778279e+05  3.140849e+00 
 1.819701e+05  3.986865e+01  1.819701e+05  3.140831e+00 
 1.862087e+05  3.986865e+01  1.862087e+05  3.140814e+00 
 1.905461e+05  3.986865e+01  1.905461e+05  3.140795e+00 
 1.949845e+05  3.986865e+01  1.949845e+05  3.140777e+00 
 1.995262e+05  3.986865e+01  1.995262e+05  3.140758e+00 
 2.041738e+05  3.986865e+01  2.041738e+05  3.140738e+00 
 2.089296e+05  3.986865e+01  2.089296e+05  3.140719e+00 
 2.137962e+05  3.986866e+01  2.137962e+05  3.140698e+00 
 2.187762e+05  3.986866e+01  2.187762e+05  3.140677e+00 
 2.238721e+05  3.986866e+01  2.238721e+05  3.140656e+00 
 2.290868e+05  3.986866e+01  2.290868e+05  3.140634e+00 
 2.344229e+05  3.986866e+01  2.344229e+05  3.140612e+00 
 2.398833e+05  3.986867e+01  2.398833e+05  3.140589e+00 
 2.454709e+05  3.986867e+01  2.454709e+05  3.140566e+00 
 2.511886e+05  3.986867e+01  2.511886e+05  3.140542e+00 
 2.570396e+05  3.986867e+01  2.570396e+05  3.140517e+00 
 2.630268e+05  3.986868e+01  2.630268e+05  3.140492e+00 
 2.691535e+05  3.986868e+01  2.691535e+05  3.140467e+00 
 2.754229e+05  3.986868e+01  2.754229e+05  3.140440e+00 
 2.818383e+05  3.986868e+01  2.818383e+05  3.140414e+00 
 2.884032e+05  3.986869e+01  2.884032e+05  3.140386e+00 
 2.951209e+05  3.986869e+01  2.951209e+05  3.140358e+00 
 3.019952e+05  3.986869e+01  3.019952e+05  3.140329e+00 
 3.090295e+05  3.986870e+01  3.090295e+05  3.140300e+00 
 3.162278e+05  3.986870e+01  3.162278e+05  3.140270e+00 
 3.235937e+05  3.986871e+01  3.235937e+05  3.140239e+00 
 3.311311e+05  3.986871e+01  3.311311e+05  3.140207e+00 
 3.388442e+05  3.986871e+01  3.388442e+05  3.140175e+00 
 3.467369e+05  3.986872e+01  3.467369e+05  3.140142e+00 
 3.548134e+05  3.986872e+01  3.548134e+05  3.140108e+00 
 3.630781e+05  3.986873e+01  3.630781e+05  3.140074e+00 
 3.715352e+05  3.986873e+01  3.715352e+05  3.140038e+00 
 3.801894e+05  3.986874e+01  3.801894e+05  3.140002e+00 
 3.890451e+05  3.986874e+01  3.890451e+05  3.139965e+00 
 3.981072e+05  3.986875e+01  3.981072e+05  3.139927e+00 
 4.073803e+05  3.986876e+01  4.073803e+05  3.139888e+00 
 4.168694e+05  3.986876e+01  4.168694e+05  3.139849e+00 
 4.265795e+05  3.986877e+01  4.265795e+05  3.139808e+00 
 4.365158e+05  3.986878e+01  4.365158e+05  3.139766e+00 
 4.466836e+05  3.986878e+01  4.466836e+05  3.139724e+00 
 4.570882e+05  3.986879e+01  4.570882e+05  3.139680e+00 
 4.677351e+05  3.986880e+01  4.677351e+05  3.139636e+00 
 4.786301e+05  3.986881e+01  4.786301e+05  3.139590e+00 
 4.897788e+05  3.986882e+01  4.897788e+05  3.139544e+00 
 5.011872e+05  3.986883e+01  5.011872e+05  3.139496e+00 
 5.128614e+05  3.986884e+01  5.128614e+05  3.139447e+00 
 5.248075e+05  3.986885e+01  5.248075e+05  3.139397e+00 
 5.370318e+05  3.986886e+01  5.370318e+05  3.139346e+00 
 5.495409e+05  3.986887e+01  5.495409e+05  3.139294e+00 
 5.623413e+05  3.986888e+01  5.623413e+05  3.139240e+00 
 5.754399e+05  3.986889e+01  5.754399e+05  3.139185e+00 
 5.888437e+05  3.986891e+01  5.888437e+05  3.139129e+00 
 6.025596e+05  3.986892e+01  6.025596e+05  3.139072e+00 
 6.165950e+05  3.986894e+01  6.165950e+05  3.139013e+00 
 6.309573e+05  3.986895e+01  6.309573e+05  3.138953e+00 
 6.456542e+05  3.986897e+01  6.456542e+05  3.138892e+00 
 6.606934e+05  3.986898e+01  6.606934e+05  3.138829e+00 
 6.760830e+05  3.986900e+01  6.760830e+05  3.138764e+00 
 6.918310e+05  3.986902e+01  6.918310e+05  3.138698e+00 
 7.079458e+05  3.986904e+01  7.079458e+05  3.138631e+00 
 7.244360e+05  3.986906e+01  7.244360e+05  3.138562e+00 
 7.413102e+05  3.986908e+01  7.413102e+05  3.138491e+00 
 7.585776e+05  3.986910e+01  7.585776e+05  3.138419e+00 
 7.762471e+05  3.986912e+01  7.762471e+05  3.138345e+00 
 7.943282e+05  3.986915e+01  7.943282e+05  3.138270e+00 
 8.128305e+05  3.986917e+01  8.128305e+05  3.138192e+00 
 8.317638e+05  3.986920e+01  8.317638e+05  3.138113e+00 
 8.511380e+05  3.986922e+01  8.511380e+05  3.138032e+00 
 8.709636e+05  3.986925e+01  8.709636e+05  3.137949e+00 
 8.912509e+05  3.986928e+01  8.912509e+05  3.137864e+00 
 9.120108e+05  3.986931e+01  9.120108e+05  3.137777e+00 
 9.332543e+05  3.986935e+01  9.332543e+05  3.137689e+00 
 9.549926e+05  3.986938e+01  9.549926e+05  3.137598e+00 
 9.772372e+05  3.986942e+01  9.772372e+05  3.137505e+00 
 1.000000e+06  3.986946e+01  1.000000e+06  3.137409e+00 
 1.023293e+06  3.986950e+01  1.023293e+06  3.137312e+00 
 1.047129e+06  3.986954e+01  1.047129e+06  3.137212e+00 
 1.071519e+06  3.986958e+01  1.071519e+06  3.137110e+00 
 1.096478e+06  3.986963e+01  1.096478e+06  3.137006e+00 
 1.122018e+06  3.986967e+01  1.122018e+06  3.136899e+00 
 1.148154e+06  3.986972e+01  1.148154e+06  3.136790e+00 
 1.174898e+06  3.986978e+01  1.174898e+06  3.136678e+00 
 1.202264e+06  3.986983e+01  1.202264e+06  3.136564e+00 
 1.230269e+06  3.986989e+01  1.230269e+06  3.136446e+00 
 1.258925e+06  3.986995e+01  1.258925e+06  3.136327e+00 
 1.288250e+06  3.987001e+01  1.288250e+06  3.136204e+00 
 1.318257e+06  3.987008e+01  1.318257e+06  3.136078e+00 
 1.348963e+06  3.987014e+01  1.348963e+06  3.135950e+00 
 1.380384e+06  3.987022e+01  1.380384e+06  3.135819e+00 
 1.412538e+06  3.987029e+01  1.412538e+06  3.135684e+00 
 1.445440e+06  3.987037e+01  1.445440e+06  3.135547e+00 
 1.479108e+06  3.987045e+01  1.479108e+06  3.135406e+00 
 1.513561e+06  3.987054e+01  1.513561e+06  3.135262e+00 
 1.548817e+06  3.987063e+01  1.548817e+06  3.135114e+00 
 1.584893e+06  3.987073e+01  1.584893e+06  3.134964e+00 
 1.621810e+06  3.987083e+01  1.621810e+06  3.134809e+00 
 1.659587e+06  3.987093e+01  1.659587e+06  3.134651e+00 
 1.698244e+06  3.987104e+01  1.698244e+06  3.134490e+00 
 1.737801e+06  3.987115e+01  1.737801e+06  3.134324e+00 
 1.778279e+06  3.987127e+01  1.778279e+06  3.134155e+00 
 1.819701e+06  3.987140e+01  1.819701e+06  3.133982e+00 
 1.862087e+06  3.987153e+01  1.862087e+06  3.133805e+00 
 1.905461e+06  3.987167e+01  1.905461e+06  3.133623e+00 
 1.949845e+06  3.987181e+01  1.949845e+06  3.133438e+00 
 1.995262e+06  3.987196e+01  1.995262e+06  3.133248e+00 
 2.041738e+06  3.987212e+01  2.041738e+06  3.133054e+00 
 2.089296e+06  3.987229e+01  2.089296e+06  3.132855e+00 
 2.137962e+06  3.987246e+01  2.137962e+06  3.132652e+00 
 2.187762e+06  3.987264e+01  2.187762e+06  3.132444e+00 
 2.238721e+06  3.987283e+01  2.238721e+06  3.132231e+00 
 2.290868e+06  3.987303e+01  2.290868e+06  3.132013e+00 
 2.344229e+06  3.987324e+01  2.344229e+06  3.131790e+00 
 2.398833e+06  3.987346e+01  2.398833e+06  3.131562e+00 
 2.454709e+06  3.987369e+01  2.454709e+06  3.131328e+00 
 2.511886e+06  3.987393e+01  2.511886e+06  3.131089e+00 
 2.570396e+06  3.987418e+01  2.570396e+06  3.130845e+00 
 2.630268e+06  3.987444e+01  2.630268e+06  3.130595e+00 
 2.691535e+06  3.987472e+01  2.691535e+06  3.130339e+00 
 2.754229e+06  3.987501e+01  2.754229e+06  3.130077e+00 
 2.818383e+06  3.987531e+01  2.818383e+06  3.129809e+00 
 2.884032e+06  3.987563e+01  2.884032e+06  3.129535e+00 
 2.951209e+06  3.987596e+01  2.951209e+06  3.129255e+00 
 3.019952e+06  3.987631e+01  3.019952e+06  3.128968e+00 
 3.090295e+06  3.987667e+01  3.090295e+06  3.128674e+00 
 3.162278e+06  3.987706e+01  3.162278e+06  3.128374e+00 
 3.235937e+06  3.987746e+01  3.235937e+06  3.128066e+00 
 3.311311e+06  3.987788e+01  3.311311e+06  3.127752e+00 
 3.388442e+06  3.987832e+01  3.388442e+06  3.127430e+00 
 3.467369e+06  3.987878e+01  3.467369e+06  3.127100e+00 
 3.548134e+06  3.987926e+01  3.548134e+06  3.126763e+00 
 3.630781e+06  3.987977e+01  3.630781e+06  3.126419e+00 
 3.715352e+06  3.988030e+01  3.715352e+06  3.126066e+00 
 3.801894e+06  3.988085e+01  3.801894e+06  3.125705e+00 
 3.890451e+06  3.988144e+01  3.890451e+06  3.125336e+00 
 3.981072e+06  3.988205e+01  3.981072e+06  3.124958e+00 
 4.073803e+06  3.988269e+01  4.073803e+06  3.124571e+00 
 4.168694e+06  3.988336e+01  4.168694e+06  3.124176e+00 
 4.265795e+06  3.988406e+01  4.265795e+06  3.123771e+00 
 4.365158e+06  3.988480e+01  4.365158e+06  3.123357e+00 
 4.466836e+06  3.988557e+01  4.466836e+06  3.122933e+00 
 4.570882e+06  3.988638e+01  4.570882e+06  3.122500e+00 
 4.677351e+06  3.988723e+01  4.677351e+06  3.122056e+00 
 4.786301e+06  3.988812e+01  4.786301e+06  3.121602e+00 
 4.897788e+06  3.988905e+01  4.897788e+06  3.121138e+00 
 5.011872e+06  3.989003e+01  5.011872e+06  3.120663e+00 
 5.128614e+06  3.989106e+01  5.128614e+06  3.120177e+00 
 5.248075e+06  3.989214e+01  5.248075e+06  3.119680e+00 
 5.370318e+06  3.989327e+01  5.370318e+06  3.119171e+00 
 5.495409e+06  3.989445e+01  5.495409e+06  3.118651e+00 
 5.623413e+06  3.989569e+01  5.623413e+06  3.118118e+00 
 5.754399e+06  3.989700e+01  5.754399e+06  3.117573e+00 
 5.888437e+06  3.989837e+01  5.888437e+06  3.117016e+00 
 6.025596e+06  3.989980e+01  6.025596e+06  3.116445e+00 
 6.165950e+06  3.990131e+01  6.165950e+06  3.115862e+00 
 6.309573e+06  3.990289e+01  6.309573e+06  3.115265e+00 
 6.456542e+06  3.990454e+01  6.456542e+06  3.114654e+00 
 6.606934e+06  3.990629e+01  6.606934e+06  3.114028e+00 
 6.760830e+06  3.990811e+01  6.760830e+06  3.113389e+00 
 6.918310e+06  3.991003e+01  6.918310e+06  3.112734e+00 
 7.079458e+06  3.991204e+01  7.079458e+06  3.112065e+00 
 7.244360e+06  3.991416e+01  7.244360e+06  3.111379e+00 
 7.413102e+06  3.991638e+01  7.413102e+06  3.110678e+00 
 7.585776e+06  3.991871e+01  7.585776e+06  3.109961e+00 
 7.762471e+06  3.992116e+01  7.762471e+06  3.109226e+00 
 7.943282e+06  3.992373e+01  7.943282e+06  3.108475e+00 
 8.128305e+06  3.992643e+01  8.128305e+06  3.107706e+00 
 8.317638e+06  3.992927e+01  8.317638e+06  3.106919e+00 
 8.511380e+06  3.993225e+01  8.511380e+06  3.106113e+00 
 8.709636e+06  3.993539e+01  8.709636e+06  3.105289e+00 
 8.912509e+06  3.993868e+01  8.912509e+06  3.104445e+00 
 9.120108e+06  3.994215e+01  9.120108e+06  3.103581e+00 
 9.332543e+06  3.994579e+01  9.332543e+06  3.102696e+00 
 9.549926e+06  3.994962e+01  9.549926e+06  3.101791e+00 
 9.772372e+06  3.995365e+01  9.772372e+06  3.100863e+00 
 1.000000e+07  3.995788e+01  1.000000e+07  3.099914e+00 
 1.023293e+07  3.996234e+01  1.023293e+07  3.098941e+00 
 1.047129e+07  3.996703e+01  1.047129e+07  3.097945e+00 
 1.071519e+07  3.997196e+01  1.071519e+07  3.096924e+00 
 1.096478e+07  3.997715e+01  1.096478e+07  3.095879e+00 
 1.122018e+07  3.998261e+01  1.122018e+07  3.094807e+00 
 1.148154e+07  3.998837e+01  1.148154e+07  3.093708e+00 
 1.174898e+07  3.999442e+01  1.174898e+07  3.092582e+00 
 1.202264e+07  4.000080e+01  1.202264e+07  3.091428e+00 
 1.230269e+07  4.000752e+01  1.230269e+07  3.090243e+00 
 1.258925e+07  4.001459e+01  1.258925e+07  3.089028e+00 
 1.288250e+07  4.002204e+01  1.288250e+07  3.087781e+00 
 1.318257e+07  4.002990e+01  1.318257e+07  3.086501e+00 
 1.348963e+07  4.003817e+01  1.348963e+07  3.085187e+00 
 1.380384e+07  4.004690e+01  1.380384e+07  3.083836e+00 
 1.412538e+07  4.005609e+01  1.412538e+07  3.082448e+00 
 1.445440e+07  4.006579e+01  1.445440e+07  3.081021e+00 
 1.479108e+07  4.007601e+01  1.479108e+07  3.079553e+00 
 1.513561e+07  4.008679e+01  1.513561e+07  3.078043e+00 
 1.548817e+07  4.009815e+01  1.548817e+07  3.076487e+00 
 1.584893e+07  4.011015e+01  1.584893e+07  3.074884e+00 
 1.621810e+07  4.012279e+01  1.621810e+07  3.073232e+00 
 1.659587e+07  4.013614e+01  1.659587e+07  3.071527e+00 
 1.698244e+07  4.015022e+01  1.698244e+07  3.069768e+00 
 1.737801e+07  4.016508e+01  1.737801e+07  3.067949e+00 
 1.778279e+07  4.018076e+01  1.778279e+07  3.066069e+00 
 1.819701e+07  4.019731e+01  1.819701e+07  3.064123e+00 
 1.862087e+07  4.021478e+01  1.862087e+07  3.062108e+00 
 1.905461e+07  4.023321e+01  1.905461e+07  3.060019e+00 
 1.949845e+07  4.025267e+01  1.949845e+07  3.057850e+00 
 1.995262e+07  4.027322e+01  1.995262e+07  3.055597e+00 
 2.041738e+07  4.029490e+01  2.041738e+07  3.053254e+00 
 2.089296e+07  4.031778e+01  2.089296e+07  3.050813e+00 
 2.137962e+07  4.034194e+01  2.137962e+07  3.048270e+00 
 2.187762e+07  4.036743e+01  2.187762e+07  3.045615e+00 
 2.238721e+07  4.039434e+01  2.238721e+07  3.042840e+00 
 2.290868e+07  4.042273e+01  2.290868e+07  3.039935e+00 
 2.344229e+07  4.045269e+01  2.344229e+07  3.036892e+00 
 2.398833e+07  4.048430e+01  2.398833e+07  3.033698e+00 
 2.454709e+07  4.051763e+01  2.454709e+07  3.030342e+00 
 2.511886e+07  4.055279e+01  2.511886e+07  3.026810e+00 
 2.570396e+07  4.058986e+01  2.570396e+07  3.023087e+00 
 2.630268e+07  4.062892e+01  2.630268e+07  3.019157e+00 
 2.691535e+07  4.067008e+01  2.691535e+07  3.015003e+00 
 2.754229e+07  4.071344e+01  2.754229e+07  3.010605e+00 
 2.818383e+07  4.075908e+01  2.818383e+07  3.005942e+00 
 2.884032e+07  4.080711e+01  2.884032e+07  3.000989e+00 
 2.951209e+07  4.085762e+01  2.951209e+07  2.995722e+00 
 3.019952e+07  4.091070e+01  3.019952e+07  2.990112e+00 
 3.090295e+07  4.096646e+01  3.090295e+07  2.984129e+00 
 3.162278e+07  4.102496e+01  3.162278e+07  2.977737e+00 
 3.235937e+07  4.108629e+01  3.235937e+07  2.970899e+00 
 3.311311e+07  4.115052e+01  3.311311e+07  2.963576e+00 
 3.388442e+07  4.121770e+01  3.388442e+07  2.955721e+00 
 3.467369e+07  4.128787e+01  3.467369e+07  2.947286e+00 
 3.548134e+07  4.136104e+01  3.548134e+07  2.938217e+00 
 3.630781e+07  4.143720e+01  3.630781e+07  2.928456e+00 
 3.715352e+07  4.151630e+01  3.715352e+07  2.917939e+00 
 3.801894e+07  4.159825e+01  3.801894e+07  2.906598e+00 
 3.890451e+07  4.168292e+01  3.890451e+07  2.894359e+00 
 3.981072e+07  4.177009e+01  3.981072e+07  2.881141e+00 
 4.073803e+07  4.185949e+01  4.073803e+07  2.866859e+00 
 4.168694e+07  4.195075e+01  4.168694e+07  2.851423e+00 
 4.265795e+07  4.204340e+01  4.265795e+07  2.834737e+00 
 4.365158e+07  4.213685e+01  4.365158e+07  2.816702e+00 
 4.466836e+07  4.223035e+01  4.466836e+07  2.797218e+00 
 4.570882e+07  4.232302e+01  4.570882e+07  2.776182e+00 
 4.677351e+07  4.241377e+01  4.677351e+07  2.753494e+00 
 4.786301e+07  4.250131e+01  4.786301e+07  2.729060e+00 
 4.897788e+07  4.258416e+01  4.897788e+07  2.702797e+00 
 5.011872e+07  4.266058e+01  5.011872e+07  2.674635e+00 
 5.128614e+07  4.272863e+01  5.128614e+07  2.644529e+00 
 5.248075e+07  4.278614e+01  5.248075e+07  2.612460e+00 
 5.370318e+07  4.283077e+01  5.370318e+07  2.578447e+00 
 5.495409e+07  4.286003e+01  5.495409e+07  2.542554e+00 
 5.623413e+07  4.287138e+01  5.623413e+07  2.504896e+00 
 5.754399e+07  4.286230e+01  5.754399e+07  2.465643e+00 
 5.888437e+07  4.283042e+01  5.888437e+07  2.425025e+00 
 6.025596e+07  4.277366e+01  6.025596e+07  2.383331e+00 
 6.165950e+07  4.269032e+01  6.165950e+07  2.340900e+00 
 6.309573e+07  4.257925e+01  6.309573e+07  2.298114e+00 
 6.456542e+07  4.243989e+01  6.456542e+07  2.255383e+00 
 6.606934e+07  4.227236e+01  6.606934e+07  2.213125e+00 
 6.760830e+07  4.207744e+01  6.760830e+07  2.171751e+00 
 6.918310e+07  4.185655e+01  6.918310e+07  2.131644e+00 
 7.079458e+07  4.161166e+01  7.079458e+07  2.093146e+00 
 7.244360e+07  4.134515e+01  7.244360e+07  2.056545e+00 
 7.413102e+07  4.105971e+01  7.413102e+07  2.022067e+00 
 7.585776e+07  4.075820e+01  7.585776e+07  1.989877e+00 
 7.762471e+07  4.044353e+01  7.762471e+07  1.960077e+00 
 7.943282e+07  4.011852e+01  7.943282e+07  1.932714e+00 
 8.128305e+07  3.978587e+01  8.128305e+07  1.907784e+00 
 8.317638e+07  3.944807e+01  8.317638e+07  1.885242e+00 
 8.511380e+07  3.910737e+01  8.511380e+07  1.865009e+00 
 8.709636e+07  3.876574e+01  8.709636e+07  1.846981e+00 
 8.912509e+07  3.842492e+01  8.912509e+07  1.831035e+00 
 9.120108e+07  3.808636e+01  9.120108e+07  1.817036e+00 
 9.332543e+07  3.775129e+01  9.332543e+07  1.804841e+00 
 9.549926e+07  3.742071e+01  9.549926e+07  1.794305e+00 
 9.772372e+07  3.709541e+01  9.772372e+07  1.785283e+00 
 1.000000e+08  3.677600e+01  1.000000e+08  1.777632e+00 
 1.023293e+08  3.646294e+01  1.023293e+08  1.771216e+00 
 1.047129e+08  3.615653e+01  1.047129e+08  1.765904e+00 
 1.071519e+08  3.585698e+01  1.071519e+08  1.761571e+00 
 1.096478e+08  3.556436e+01  1.096478e+08  1.758102e+00 
 1.122018e+08  3.527868e+01  1.122018e+08  1.755388e+00 
 1.148154e+08  3.499987e+01  1.148154e+08  1.753329e+00 
 1.174898e+08  3.472780e+01  1.174898e+08  1.751835e+00 
 1.202264e+08  3.446229e+01  1.202264e+08  1.750820e+00 
 1.230269e+08  3.420312e+01  1.230269e+08  1.750209e+00 
 1.258925e+08  3.395006e+01  1.258925e+08  1.749932e+00 
 1.288250e+08  3.370282e+01  1.288250e+08  1.749929e+00 
 1.318257e+08  3.346112e+01  1.318257e+08  1.750143e+00 
 1.348963e+08  3.322467e+01  1.348963e+08  1.750527e+00 
 1.380384e+08  3.299315e+01  1.380384e+08  1.751036e+00 
 1.412538e+08  3.276628e+01  1.412538e+08  1.751632e+00 
 1.445440e+08  3.254374e+01  1.445440e+08  1.752282e+00 
 1.479108e+08  3.232524e+01  1.479108e+08  1.752959e+00 
 1.513561e+08  3.211048e+01  1.513561e+08  1.753636e+00 
 1.548817e+08  3.189918e+01  1.548817e+08  1.754294e+00 
 1.584893e+08  3.169107e+01  1.584893e+08  1.754915e+00 
 1.621810e+08  3.148589e+01  1.621810e+08  1.755484e+00 
 1.659587e+08  3.128337e+01  1.659587e+08  1.755990e+00 
 1.698244e+08  3.108329e+01  1.698244e+08  1.756423e+00 
 1.737801e+08  3.088542e+01  1.737801e+08  1.756777e+00 
 1.778279e+08  3.068954e+01  1.778279e+08  1.757046e+00 
 1.819701e+08  3.049546e+01  1.819701e+08  1.757226e+00 
 1.862087e+08  3.030298e+01  1.862087e+08  1.757317e+00 
 1.905461e+08  3.011193e+01  1.905461e+08  1.757316e+00 
 1.949845e+08  2.992214e+01  1.949845e+08  1.757224e+00 
 1.995262e+08  2.973347e+01  1.995262e+08  1.757042e+00 
 2.041738e+08  2.954577e+01  2.041738e+08  1.756773e+00 
 2.089296e+08  2.935891e+01  2.089296e+08  1.756419e+00 
 2.137962e+08  2.917278e+01  2.137962e+08  1.755984e+00 
 2.187762e+08  2.898726e+01  2.187762e+08  1.755471e+00 
 2.238721e+08  2.880226e+01  2.238721e+08  1.754884e+00 
 2.290868e+08  2.861767e+01  2.290868e+08  1.754227e+00 
 2.344229e+08  2.843343e+01  2.344229e+08  1.753506e+00 
 2.398833e+08  2.824945e+01  2.398833e+08  1.752725e+00 
 2.454709e+08  2.806567e+01  2.454709e+08  1.751889e+00 
 2.511886e+08  2.788203e+01  2.511886e+08  1.751002e+00 
 2.570396e+08  2.769847e+01  2.570396e+08  1.750070e+00 
 2.630268e+08  2.751494e+01  2.630268e+08  1.749098e+00 
 2.691535e+08  2.733141e+01  2.691535e+08  1.748090e+00 
 2.754229e+08  2.714783e+01  2.754229e+08  1.747051e+00 
 2.818383e+08  2.696418e+01  2.818383e+08  1.745985e+00 
 2.884032e+08  2.678042e+01  2.884032e+08  1.744898e+00 
 2.951209e+08  2.659653e+01  2.951209e+08  1.743793e+00 
 3.019952e+08  2.641249e+01  3.019952e+08  1.742674e+00 
 3.090295e+08  2.622829e+01  3.090295e+08  1.741546e+00 
 3.162278e+08  2.604390e+01  3.162278e+08  1.740413e+00 
 3.235937e+08  2.585933e+01  3.235937e+08  1.739277e+00 
 3.311311e+08  2.567456e+01  3.311311e+08  1.738143e+00 
 3.388442e+08  2.548958e+01  3.388442e+08  1.737014e+00 
 3.467369e+08  2.530440e+01  3.467369e+08  1.735893e+00 
 3.548134e+08  2.511901e+01  3.548134e+08  1.734783e+00 
 3.630781e+08  2.493341e+01  3.630781e+08  1.733687e+00 
 3.715352e+08  2.474761e+01  3.715352e+08  1.732607e+00 
 3.801894e+08  2.456160e+01  3.801894e+08  1.731546e+00 
 3.890451e+08  2.437539e+01  3.890451e+08  1.730506e+00 
 3.981072e+08  2.418899e+01  3.981072e+08  1.729488e+00 
 4.073803e+08  2.400241e+01  4.073803e+08  1.728496e+00 
 4.168694e+08  2.381564e+01  4.168694e+08  1.727530e+00 
 4.265795e+08  2.362871e+01  4.265795e+08  1.726593e+00 
 4.365158e+08  2.344161e+01  4.365158e+08  1.725685e+00 
 4.466836e+08  2.325436e+01  4.466836e+08  1.724808e+00 
 4.570882e+08  2.306697e+01  4.570882e+08  1.723964e+00 
 4.677351e+08  2.287945e+01  4.677351e+08  1.723153e+00 
 4.786301e+08  2.269180e+01  4.786301e+08  1.722375e+00 
 4.897788e+08  2.250405e+01  4.897788e+08  1.721633e+00 
 5.011872e+08  2.231620e+01  5.011872e+08  1.720926e+00 
 5.128614e+08  2.212825e+01  5.128614e+08  1.720256e+00 
 5.248075e+08  2.194024e+01  5.248075e+08  1.719622e+00 
 5.370318e+08  2.175215e+01  5.370318e+08  1.719025e+00 
 5.495409e+08  2.156401e+01  5.495409e+08  1.718465e+00 
 5.623413e+08  2.137583e+01  5.623413e+08  1.717942e+00 
 5.754399e+08  2.118761e+01  5.754399e+08  1.717457e+00 
 5.888437e+08  2.099937e+01  5.888437e+08  1.717009e+00 
 6.025596e+08  2.081112e+01  6.025596e+08  1.716598e+00 
 6.165950e+08  2.062287e+01  6.165950e+08  1.716224e+00 
 6.309573e+08  2.043462e+01  6.309573e+08  1.715887e+00 
 6.456542e+08  2.024639e+01  6.456542e+08  1.715587e+00 
 6.606934e+08  2.005818e+01  6.606934e+08  1.715323e+00 
 6.760830e+08  1.987002e+01  6.760830e+08  1.715094e+00 
 6.918310e+08  1.968189e+01  6.918310e+08  1.714901e+00 
 7.079458e+08  1.949382e+01  7.079458e+08  1.714743e+00 
 7.244360e+08  1.930580e+01  7.244360e+08  1.714619e+00 
 7.413102e+08  1.911785e+01  7.413102e+08  1.714529e+00 
 7.585776e+08  1.892997e+01  7.585776e+08  1.714472e+00 
 7.762471e+08  1.874218e+01  7.762471e+08  1.714447e+00 
 7.943282e+08  1.855446e+01  7.943282e+08  1.714454e+00 
 8.128305e+08  1.836684e+01  8.128305e+08  1.714493e+00 
 8.317638e+08  1.817931e+01  8.317638e+08  1.714562e+00 
 8.511380e+08  1.799189e+01  8.511380e+08  1.714661e+00 
 8.709636e+08  1.780456e+01  8.709636e+08  1.714790e+00 
 8.912509e+08  1.761735e+01  8.912509e+08  1.714947e+00 
 9.120108e+08  1.743024e+01  9.120108e+08  1.715133e+00 
 9.332543e+08  1.724325e+01  9.332543e+08  1.715346e+00 
 9.549926e+08  1.705638e+01  9.549926e+08  1.715586e+00 
 9.772372e+08  1.686963e+01  9.772372e+08  1.715852e+00 
 1.000000e+09  1.668299e+01  1.000000e+09  1.716144e+00 
 1.023293e+09  1.649648e+01  1.023293e+09  1.716461e+00 
 1.047129e+09  1.631010e+01  1.047129e+09  1.716803e+00 
 1.071519e+09  1.612384e+01  1.071519e+09  1.717170e+00 
 1.096478e+09  1.593771e+01  1.096478e+09  1.717561e+00 
 1.122018e+09  1.575171e+01  1.122018e+09  1.717975e+00 
 1.148154e+09  1.556583e+01  1.148154e+09  1.718413e+00 
 1.174898e+09  1.538009e+01  1.174898e+09  1.718874e+00 
 1.202264e+09  1.519448e+01  1.202264e+09  1.719358e+00 
 1.230269e+09  1.500900e+01  1.230269e+09  1.719865e+00 
 1.258925e+09  1.482366e+01  1.258925e+09  1.720394e+00 
 1.288250e+09  1.463845e+01  1.288250e+09  1.720945e+00 
 1.318257e+09  1.445339e+01  1.318257e+09  1.721520e+00 
 1.348963e+09  1.426846e+01  1.348963e+09  1.722116e+00 
 1.380384e+09  1.408367e+01  1.380384e+09  1.722735e+00 
 1.412538e+09  1.389903e+01  1.412538e+09  1.723377e+00 
 1.445440e+09  1.371454e+01  1.445440e+09  1.724041e+00 
 1.479108e+09  1.353020e+01  1.479108e+09  1.724727e+00 
 1.513561e+09  1.334601e+01  1.513561e+09  1.725436e+00 
 1.548817e+09  1.316199e+01  1.548817e+09  1.726168e+00 
 1.584893e+09  1.297812e+01  1.584893e+09  1.726923e+00 
 1.621810e+09  1.279443e+01  1.621810e+09  1.727701e+00 
 1.659587e+09  1.261092e+01  1.659587e+09  1.728503e+00 
 1.698244e+09  1.242758e+01  1.698244e+09  1.729327e+00 
 1.737801e+09  1.224444e+01  1.737801e+09  1.730175e+00 
 1.778279e+09  1.206149e+01  1.778279e+09  1.731046e+00 
 1.819701e+09  1.187875e+01  1.819701e+09  1.731941e+00 
 1.862087e+09  1.169622e+01  1.862087e+09  1.732859e+00 
 1.905461e+09  1.151391e+01  1.905461e+09  1.733801e+00 
 1.949845e+09  1.133184e+01  1.949845e+09  1.734766e+00 
 1.995262e+09  1.115001e+01  1.995262e+09  1.735754e+00 
 2.041738e+09  1.096843e+01  2.041738e+09  1.736765e+00 
 2.089296e+09  1.078711e+01  2.089296e+09  1.737799e+00 
 2.137962e+09  1.060608e+01  2.137962e+09  1.738855e+00 
 2.187762e+09  1.042533e+01  2.187762e+09  1.739933e+00 
 2.238721e+09  1.024488e+01  2.238721e+09  1.741032e+00 
 2.290868e+09  1.006474e+01  2.290868e+09  1.742152e+00 
 2.344229e+09  9.884929e+00  2.344229e+09  1.743292e+00 
 2.398833e+09  9.705455e+00  2.398833e+09  1.744451e+00 
 2.454709e+09  9.526333e+00  2.454709e+09  1.745628e+00 
 2.511886e+09  9.347575e+00  2.511886e+09  1.746823e+00 
 2.570396e+09  9.169195e+00  2.570396e+09  1.748034e+00 
 2.630268e+09  8.991205e+00  2.630268e+09  1.749259e+00 
 2.691535e+09  8.813619e+00  2.691535e+09  1.750498e+00 
 2.754229e+09  8.636448e+00  2.754229e+09  1.751749e+00 
 2.818383e+09  8.459705e+00  2.818383e+09  1.753010e+00 
 2.884032e+09  8.283403e+00  2.884032e+09  1.754280e+00 
 2.951209e+09  8.107552e+00  2.951209e+09  1.755557e+00 
 3.019952e+09  7.932164e+00  3.019952e+09  1.756838e+00 
 3.090295e+09  7.757249e+00  3.090295e+09  1.758123e+00 
 3.162278e+09  7.582816e+00  3.162278e+09  1.759407e+00 
 3.235937e+09  7.408875e+00  3.235937e+09  1.760690e+00 
 3.311311e+09  7.235433e+00  3.311311e+09  1.761968e+00 
 3.388442e+09  7.062498e+00  3.388442e+09  1.763240e+00 
 3.467369e+09  6.890074e+00  3.467369e+09  1.764502e+00 
 3.548134e+09  6.718168e+00  3.548134e+09  1.765752e+00 
 3.630781e+09  6.546783e+00  3.630781e+09  1.766987e+00 
 3.715352e+09  6.375922e+00  3.715352e+09  1.768204e+00 
 3.801894e+09  6.205584e+00  3.801894e+09  1.769400e+00 
 3.890451e+09  6.035772e+00  3.890451e+09  1.770573e+00 
 3.981072e+09  5.866482e+00  3.981072e+09  1.771718e+00 
 4.073803e+09  5.697711e+00  4.073803e+09  1.772833e+00 
 4.168694e+09  5.529455e+00  4.168694e+09  1.773915e+00 
 4.265795e+09  5.361708e+00  4.265795e+09  1.774961e+00 
 4.365158e+09  5.194461e+00  4.365158e+09  1.775966e+00 
 4.466836e+09  5.027705e+00  4.466836e+09  1.776929e+00 
 4.570882e+09  4.861428e+00  4.570882e+09  1.777846e+00 
 4.677351e+09  4.695619e+00  4.677351e+09  1.778714e+00 
 4.786301e+09  4.530261e+00  4.786301e+09  1.779529e+00 
 4.897788e+09  4.365339e+00  4.897788e+09  1.780290e+00 
 5.011872e+09  4.200835e+00  5.011872e+09  1.780991e+00 
 5.128614e+09  4.036729e+00  5.128614e+09  1.781632e+00 
 5.248075e+09  3.873001e+00  5.248075e+09  1.782209e+00 
 5.370318e+09  3.709626e+00  5.370318e+09  1.782719e+00 
 5.495409e+09  3.546582e+00  5.495409e+09  1.783160e+00 
 5.623413e+09  3.383842e+00  5.623413e+09  1.783530e+00 
 5.754399e+09  3.221380e+00  5.754399e+09  1.783825e+00 
 5.888437e+09  3.059166e+00  5.888437e+09  1.784045e+00 
 6.025596e+09  2.897172e+00  6.025596e+09  1.784187e+00 
 6.165950e+09  2.735367e+00  6.165950e+09  1.784249e+00 
 6.309573e+09  2.573720e+00  6.309573e+09  1.784230e+00 
 6.456542e+09  2.412197e+00  6.456542e+09  1.784129e+00 
 6.606934e+09  2.250766e+00  6.606934e+09  1.783944e+00 
 6.760830e+09  2.089394e+00  6.760830e+09  1.783674e+00 
 6.918310e+09  1.928045e+00  6.918310e+09  1.783319e+00 
 7.079458e+09  1.766685e+00  7.079458e+09  1.782878e+00 
 7.244360e+09  1.605279e+00  7.244360e+09  1.782352e+00 
 7.413102e+09  1.443793e+00  7.413102e+09  1.781739e+00 
 7.585776e+09  1.282191e+00  7.585776e+09  1.781040e+00 
 7.762471e+09  1.120439e+00  7.762471e+09  1.780256e+00 
 7.943282e+09  9.585019e-01  7.943282e+09  1.779388e+00 
 8.128305e+09  7.963469e-01  8.128305e+09  1.778435e+00 
 8.317638e+09  6.339402e-01  8.317638e+09  1.777399e+00 
 8.511380e+09  4.712492e-01  8.511380e+09  1.776282e+00 
 8.709636e+09  3.082423e-01  8.709636e+09  1.775085e+00 
 8.912509e+09  1.448887e-01  8.912509e+09  1.773809e+00 
 9.120108e+09 -1.884132e-02  9.120108e+09  1.772457e+00 
 9.332543e+09 -1.829763e-01  9.332543e+09  1.771030e+00 
 9.549926e+09 -3.475435e-01  9.549926e+09  1.769532e+00 
 9.772372e+09 -5.125688e-01  9.772372e+09  1.767963e+00 
 1.000000e+10 -6.780769e-01  1.000000e+10  1.766327e+00 
 1.023293e+10 -8.440908e-01  1.023293e+10  1.764626e+00 
 1.047129e+10 -1.010632e+00  1.047129e+10  1.762862e+00 
 1.071519e+10 -1.177721e+00  1.071519e+10  1.761040e+00 
 1.096478e+10 -1.345375e+00  1.096478e+10  1.759161e+00 
 1.122018e+10 -1.513612e+00  1.122018e+10  1.757229e+00 
 1.148154e+10 -1.682447e+00  1.148154e+10  1.755246e+00 
 1.174898e+10 -1.851894e+00  1.174898e+10  1.753216e+00 
 1.202264e+10 -2.021963e+00  1.202264e+10  1.751142e+00 
 1.230269e+10 -2.192666e+00  1.230269e+10  1.749028e+00 
 1.258925e+10 -2.364011e+00  1.258925e+10  1.746875e+00 
 1.288250e+10 -2.536006e+00  1.288250e+10  1.744687e+00 
 1.318257e+10 -2.708655e+00  1.318257e+10  1.742468e+00 
 1.348963e+10 -2.881964e+00  1.348963e+10  1.740220e+00 
 1.380384e+10 -3.055934e+00  1.380384e+10  1.737947e+00 
 1.412538e+10 -3.230567e+00  1.412538e+10  1.735652e+00 
 1.445440e+10 -3.405864e+00  1.445440e+10  1.733336e+00 
 1.479108e+10 -3.581822e+00  1.479108e+10  1.731005e+00 
 1.513561e+10 -3.758439e+00  1.513561e+10  1.728660e+00 
 1.548817e+10 -3.935712e+00  1.548817e+10  1.726303e+00 
 1.584893e+10 -4.113635e+00  1.584893e+10  1.723939e+00 
 1.621810e+10 -4.292204e+00  1.621810e+10  1.721568e+00 
 1.659587e+10 -4.471412e+00  1.659587e+10  1.719195e+00 
 1.698244e+10 -4.651250e+00  1.698244e+10  1.716820e+00 
 1.737801e+10 -4.831711e+00  1.737801e+10  1.714447e+00 
 1.778279e+10 -5.012785e+00  1.778279e+10  1.712078e+00 
 1.819701e+10 -5.194464e+00  1.819701e+10  1.709715e+00 
 1.862087e+10 -5.376736e+00  1.862087e+10  1.707359e+00 
 1.905461e+10 -5.559592e+00  1.905461e+10  1.705014e+00 
 1.949845e+10 -5.743019e+00  1.949845e+10  1.702679e+00 
 1.995262e+10 -5.927006e+00  1.995262e+10  1.700358e+00 
 2.041738e+10 -6.111541e+00  2.041738e+10  1.698052e+00 
 2.089296e+10 -6.296612e+00  2.089296e+10  1.695763e+00 
 2.137962e+10 -6.482206e+00  2.137962e+10  1.693491e+00 
 2.187762e+10 -6.668311e+00  2.187762e+10  1.691238e+00 
 2.238721e+10 -6.854914e+00  2.238721e+10  1.689005e+00 
 2.290868e+10 -7.042001e+00  2.290868e+10  1.686794e+00 
 2.344229e+10 -7.229560e+00  2.344229e+10  1.684605e+00 
 2.398833e+10 -7.417578e+00  2.398833e+10  1.682440e+00 
 2.454709e+10 -7.606042e+00  2.454709e+10  1.680299e+00 
 2.511886e+10 -7.794939e+00  2.511886e+10  1.678183e+00 
 2.570396e+10 -7.984256e+00  2.570396e+10  1.676092e+00 
 2.630268e+10 -8.173980e+00  2.630268e+10  1.674029e+00 
 2.691535e+10 -8.364099e+00  2.691535e+10  1.671992e+00 
 2.754229e+10 -8.554600e+00  2.754229e+10  1.669982e+00 
 2.818383e+10 -8.745470e+00  2.818383e+10  1.668001e+00 
 2.884032e+10 -8.936699e+00  2.884032e+10  1.666048e+00 
 2.951209e+10 -9.128273e+00  2.951209e+10  1.664123e+00 
 3.019952e+10 -9.320182e+00  3.019952e+10  1.662228e+00 
 3.090295e+10 -9.512414e+00  3.090295e+10  1.660361e+00 
 3.162278e+10 -9.704957e+00  3.162278e+10  1.658524e+00 
 3.235937e+10 -9.897800e+00  3.235937e+10  1.656716e+00 
 3.311311e+10 -1.009093e+01  3.311311e+10  1.654937e+00 
 3.388442e+10 -1.028435e+01  3.388442e+10  1.653188e+00 
 3.467369e+10 -1.047803e+01  3.467369e+10  1.651469e+00 
 3.548134e+10 -1.067197e+01  3.548134e+10  1.649778e+00 
 3.630781e+10 -1.086616e+01  3.630781e+10  1.648117e+00 
 3.715352e+10 -1.106060e+01  3.715352e+10  1.646485e+00 
 3.801894e+10 -1.125526e+01  3.801894e+10  1.644882e+00 
 3.890451e+10 -1.145014e+01  3.890451e+10  1.643308e+00 
 3.981072e+10 -1.164524e+01  3.981072e+10  1.641763e+00 
 4.073803e+10 -1.184055e+01  4.073803e+10  1.640246e+00 
 4.168694e+10 -1.203605e+01  4.168694e+10  1.638758e+00 
 4.265795e+10 -1.223175e+01  4.265795e+10  1.637297e+00 
 4.365158e+10 -1.242762e+01  4.365158e+10  1.635864e+00 
 4.466836e+10 -1.262367e+01  4.466836e+10  1.634459e+00 
 4.570882e+10 -1.281989e+01  4.570882e+10  1.633081e+00 
 4.677351e+10 -1.301627e+01  4.677351e+10  1.631729e+00 
 4.786301e+10 -1.321281e+01  4.786301e+10  1.630404e+00 
 4.897788e+10 -1.340949e+01  4.897788e+10  1.629105e+00 
 5.011872e+10 -1.360632e+01  5.011872e+10  1.627832e+00 
 5.128614e+10 -1.380328e+01  5.128614e+10  1.626585e+00 
 5.248075e+10 -1.400037e+01  5.248075e+10  1.625362e+00 
 5.370318e+10 -1.419759e+01  5.370318e+10  1.624165e+00 
 5.495409e+10 -1.439493e+01  5.495409e+10  1.622991e+00 
 5.623413e+10 -1.459239e+01  5.623413e+10  1.621842e+00 
 5.754399e+10 -1.478995e+01  5.754399e+10  1.620716e+00 
 5.888437e+10 -1.498763e+01  5.888437e+10  1.619614e+00 
 6.025596e+10 -1.518540e+01  6.025596e+10  1.618534e+00 
 6.165950e+10 -1.538327e+01  6.165950e+10  1.617477e+00 
 6.309573e+10 -1.558123e+01  6.309573e+10  1.616442e+00 
 6.456542e+10 -1.577929e+01  6.456542e+10  1.615429e+00 
 6.606934e+10 -1.597743e+01  6.606934e+10  1.614437e+00 
 6.760830e+10 -1.617565e+01  6.760830e+10  1.613466e+00 
 6.918310e+10 -1.637394e+01  6.918310e+10  1.612516e+00 
 7.079458e+10 -1.657232e+01  7.079458e+10  1.611586e+00 
 7.244360e+10 -1.677076e+01  7.244360e+10  1.610676e+00 
 7.413102e+10 -1.696927e+01  7.413102e+10  1.609786e+00 
 7.585776e+10 -1.716785e+01  7.585776e+10  1.608914e+00 
 7.762471e+10 -1.736649e+01  7.762471e+10  1.608062e+00 
 7.943282e+10 -1.756520e+01  7.943282e+10  1.607227e+00 
 8.128305e+10 -1.776395e+01  8.128305e+10  1.606411e+00 
 8.317638e+10 -1.796277e+01  8.317638e+10  1.605613e+00 
 8.511380e+10 -1.816163e+01  8.511380e+10  1.604832e+00 
 8.709636e+10 -1.836055e+01  8.709636e+10  1.604067e+00 
 8.912509e+10 -1.855952e+01  8.912509e+10  1.603320e+00 
 9.120108e+10 -1.875853e+01  9.120108e+10  1.602589e+00 
 9.332543e+10 -1.895758e+01  9.332543e+10  1.601874e+00 
 9.549926e+10 -1.915668e+01  9.549926e+10  1.601175e+00 
 9.772372e+10 -1.935581e+01  9.772372e+10  1.600491e+00 
 1.000000e+11 -1.955499e+01  1.000000e+11  1.599822e+00 
