 1.000000e+00 -7.974893e+01  1.000000e+00  1.161138e-01 
 1.023293e+00 -7.934430e+01  1.023293e+00  1.122484e-01 
 1.047129e+00 -7.893989e+01  1.047129e+00  1.084374e-01 
 1.071519e+00 -7.853568e+01  1.071519e+00  1.046792e-01 
 1.096478e+00 -7.813168e+01  1.096478e+00  1.009721e-01 
 1.122018e+00 -7.772787e+01  1.122018e+00  9.731444e-02 
 1.148154e+00 -7.732425e+01  1.148154e+00  9.370453e-02 
 1.174898e+00 -7.692080e+01  1.174898e+00  9.014072e-02 
 1.202264e+00 -7.651753e+01  1.202264e+00  8.662136e-02 
 1.230269e+00 -7.611442e+01  1.230269e+00  8.314481e-02 
 1.258925e+00 -7.571147e+01  1.258925e+00  7.970944e-02 
 1.288250e+00 -7.530867e+01  1.288250e+00  7.631363e-02 
 1.318257e+00 -7.490602e+01  1.318257e+00  7.295575e-02 
 1.348963e+00 -7.450351e+01  1.348963e+00  6.963421e-02 
 1.380384e+00 -7.410113e+01  1.380384e+00  6.634741e-02 
 1.412538e+00 -7.369889e+01  1.412538e+00  6.309375e-02 
 1.445440e+00 -7.329677e+01  1.445440e+00  5.987166e-02 
 1.479108e+00 -7.289478e+01  1.479108e+00  5.667956e-02 
 1.513561e+00 -7.249291e+01  1.513561e+00  5.351589e-02 
 1.548817e+00 -7.209115e+01  1.548817e+00  5.037910e-02 
 1.584893e+00 -7.168950e+01  1.584893e+00  4.726762e-02 
 1.621810e+00 -7.128795e+01  1.621810e+00  4.417993e-02 
 1.659587e+00 -7.088652e+01  1.659587e+00  4.111447e-02 
 1.698244e+00 -7.048518e+01  1.698244e+00  3.806973e-02 
 1.737801e+00 -7.008395e+01  1.737801e+00  3.504418e-02 
 1.778279e+00 -6.968281e+01  1.778279e+00  3.203630e-02 
 1.819701e+00 -6.928176e+01  1.819701e+00  2.904458e-02 
 1.862087e+00 -6.888081e+01  1.862087e+00  2.606750e-02 
 1.905461e+00 -6.847995e+01  1.905461e+00  2.310357e-02 
 1.949845e+00 -6.807917e+01  1.949845e+00  2.015128e-02 
 1.995262e+00 -6.767848e+01  1.995262e+00  1.720915e-02 
 2.041738e+00 -6.727788e+01  2.041738e+00  1.427566e-02 
 2.089296e+00 -6.687736e+01  2.089296e+00  1.134934e-02 
 2.137962e+00 -6.647692e+01  2.137962e+00  8.428685e-03 
 2.187762e+00 -6.607657e+01  2.187762e+00  5.512216e-03 
 2.238721e+00 -6.567629e+01  2.238721e+00  2.598443e-03 
 2.290868e+00 -6.527610e+01  2.290868e+00 -3.141203e-04 
 2.344229e+00 -6.487599e+01  2.344229e+00 -3.226963e-03 
 2.398833e+00 -6.447595e+01  2.398833e+00 -6.141572e-03 
 2.454709e+00 -6.407600e+01  2.454709e+00 -9.059436e-03 
 2.511886e+00 -6.367613e+01  2.511886e+00 -1.198205e-02 
 2.570396e+00 -6.327634e+01  2.570396e+00 -1.491090e-02 
 2.630268e+00 -6.287662e+01  2.630268e+00 -1.784748e-02 
 2.691535e+00 -6.247699e+01  2.691535e+00 -2.079331e-02 
 2.754229e+00 -6.207744e+01  2.754229e+00 -2.374986e-02 
 2.818383e+00 -6.167798e+01  2.818383e+00 -2.671867e-02 
 2.884032e+00 -6.127860e+01  2.884032e+00 -2.970123e-02 
 2.951209e+00 -6.087930e+01  2.951209e+00 -3.269907e-02 
 3.019952e+00 -6.048009e+01  3.019952e+00 -3.571370e-02 
 3.090295e+00 -6.008097e+01  3.090295e+00 -3.874667e-02 
 3.162278e+00 -5.968194e+01  3.162278e+00 -4.179950e-02 
 3.235937e+00 -5.928301e+01  3.235937e+00 -4.487374e-02 
 3.311311e+00 -5.888416e+01  3.311311e+00 -4.797094e-02 
 3.388442e+00 -5.848542e+01  3.388442e+00 -5.109267e-02 
 3.467369e+00 -5.808677e+01  3.467369e+00 -5.424048e-02 
 3.548134e+00 -5.768823e+01  3.548134e+00 -5.741597e-02 
 3.630781e+00 -5.728979e+01  3.630781e+00 -6.062071e-02 
 3.715352e+00 -5.689145e+01  3.715352e+00 -6.385632e-02 
 3.801894e+00 -5.649324e+01  3.801894e+00 -6.712438e-02 
 3.890451e+00 -5.609513e+01  3.890451e+00 -7.042653e-02 
 3.981072e+00 -5.569715e+01  3.981072e+00 -7.376440e-02 
 4.073803e+00 -5.529929e+01  4.073803e+00 -7.713962e-02 
 4.168694e+00 -5.490155e+01  4.168694e+00 -8.055385e-02 
 4.265795e+00 -5.450395e+01  4.265795e+00 -8.400876e-02 
 4.365158e+00 -5.410649e+01  4.365158e+00 -8.750602e-02 
 4.466836e+00 -5.370917e+01  4.466836e+00 -9.104732e-02 
 4.570882e+00 -5.331199e+01  4.570882e+00 -9.463438e-02 
 4.677351e+00 -5.291497e+01  4.677351e+00 -9.826890e-02 
 4.786301e+00 -5.251811e+01  4.786301e+00 -1.019526e-01 
 4.897788e+00 -5.212142e+01  4.897788e+00 -1.056873e-01 
 5.011872e+00 -5.172490e+01  5.011872e+00 -1.094746e-01 
 5.128614e+00 -5.132855e+01  5.128614e+00 -1.133164e-01 
 5.248075e+00 -5.093240e+01  5.248075e+00 -1.172144e-01 
 5.370318e+00 -5.053643e+01  5.370318e+00 -1.211705e-01 
 5.495409e+00 -5.014067e+01  5.495409e+00 -1.251864e-01 
 5.623413e+00 -4.974513e+01  5.623413e+00 -1.292639e-01 
 5.754399e+00 -4.934980e+01  5.754399e+00 -1.334049e-01 
 5.888437e+00 -4.895470e+01  5.888437e+00 -1.376113e-01 
 6.025596e+00 -4.855983e+01  6.025596e+00 -1.418848e-01 
 6.165950e+00 -4.816522e+01  6.165950e+00 -1.462273e-01 
 6.309573e+00 -4.777086e+01  6.309573e+00 -1.506408e-01 
 6.456542e+00 -4.737678e+01  6.456542e+00 -1.551271e-01 
 6.606934e+00 -4.698297e+01  6.606934e+00 -1.596880e-01 
 6.760830e+00 -4.658946e+01  6.760830e+00 -1.643255e-01 
 6.918310e+00 -4.619625e+01  6.918310e+00 -1.690414e-01 
 7.079458e+00 -4.580336e+01  7.079458e+00 -1.738378e-01 
 7.244360e+00 -4.541081e+01  7.244360e+00 -1.787164e-01 
 7.413102e+00 -4.501860e+01  7.413102e+00 -1.836792e-01 
 7.585776e+00 -4.462675e+01  7.585776e+00 -1.887281e-01 
 7.762471e+00 -4.423527e+01  7.762471e+00 -1.938650e-01 
 7.943282e+00 -4.384419e+01  7.943282e+00 -1.990919e-01 
 8.128305e+00 -4.345351e+01  8.128305e+00 -2.044106e-01 
 8.317638e+00 -4.306326e+01  8.317638e+00 -2.098229e-01 
 8.511380e+00 -4.267345e+01  8.511380e+00 -2.153309e-01 
 8.709636e+00 -4.228411e+01  8.709636e+00 -2.209363e-01 
 8.912509e+00 -4.189524e+01  8.912509e+00 -2.266411e-01 
 9.120108e+00 -4.150687e+01  9.120108e+00 -2.324470e-01 
 9.332543e+00 -4.111903e+01  9.332543e+00 -2.383559e-01 
 9.549926e+00 -4.073172e+01  9.549926e+00 -2.443696e-01 
 9.772372e+00 -4.034498e+01  9.772372e+00 -2.504897e-01 
 1.000000e+01 -3.995882e+01  1.000000e+01 -2.567182e-01 
 1.023293e+01 -3.957327e+01  1.023293e+01 -2.630566e-01 
 1.047129e+01 -3.918836e+01  1.047129e+01 -2.695066e-01 
 1.071519e+01 -3.880411e+01  1.071519e+01 -2.760698e-01 
 1.096478e+01 -3.842054e+01  1.096478e+01 -2.827479e-01 
 1.122018e+01 -3.803768e+01  1.122018e+01 -2.895422e-01 
 1.148154e+01 -3.765557e+01  1.148154e+01 -2.964543e-01 
 1.174898e+01 -3.727422e+01  1.174898e+01 -3.034855e-01 
 1.202264e+01 -3.689366e+01  1.202264e+01 -3.106372e-01 
 1.230269e+01 -3.651393e+01  1.230269e+01 -3.179106e-01 
 1.258925e+01 -3.613506e+01  1.258925e+01 -3.253068e-01 
 1.288250e+01 -3.575708e+01  1.288250e+01 -3.328270e-01 
 1.318257e+01 -3.538002e+01  1.318257e+01 -3.404721e-01 
 1.348963e+01 -3.500392e+01  1.348963e+01 -3.482431e-01 
 1.380384e+01 -3.462880e+01  1.380384e+01 -3.561406e-01 
 1.412538e+01 -3.425471e+01  1.412538e+01 -3.641655e-01 
 1.445440e+01 -3.388167e+01  1.445440e+01 -3.723181e-01 
 1.479108e+01 -3.350973e+01  1.479108e+01 -3.805990e-01 
 1.513561e+01 -3.313892e+01  1.513561e+01 -3.890085e-01 
 1.548817e+01 -3.276928e+01  1.548817e+01 -3.975466e-01 
 1.584893e+01 -3.240084e+01  1.584893e+01 -4.062135e-01 
 1.621810e+01 -3.203365e+01  1.621810e+01 -4.150089e-01 
 1.659587e+01 -3.166775e+01  1.659587e+01 -4.239327e-01 
 1.698244e+01 -3.130316e+01  1.698244e+01 -4.329842e-01 
 1.737801e+01 -3.093994e+01  1.737801e+01 -4.421629e-01 
 1.778279e+01 -3.057813e+01  1.778279e+01 -4.514679e-01 
 1.819701e+01 -3.021776e+01  1.819701e+01 -4.608983e-01 
 1.862087e+01 -2.985887e+01  1.862087e+01 -4.704528e-01 
 1.905461e+01 -2.950151e+01  1.905461e+01 -4.801302e-01 
 1.949845e+01 -2.914572e+01  1.949845e+01 -4.899287e-01 
 1.995262e+01 -2.879153e+01  1.995262e+01 -4.998466e-01 
 2.041738e+01 -2.843899e+01  2.041738e+01 -5.098820e-01 
 2.089296e+01 -2.808814e+01  2.089296e+01 -5.200326e-01 
 2.137962e+01 -2.773902e+01  2.137962e+01 -5.302960e-01 
 2.187762e+01 -2.739166e+01  2.187762e+01 -5.406696e-01 
 2.238721e+01 -2.704611e+01  2.238721e+01 -5.511505e-01 
 2.290868e+01 -2.670241e+01  2.290868e+01 -5.617358e-01 
 2.344229e+01 -2.636059e+01  2.344229e+01 -5.724220e-01 
 2.398833e+01 -2.602068e+01  2.398833e+01 -5.832057e-01 
 2.454709e+01 -2.568273e+01  2.454709e+01 -5.940833e-01 
 2.511886e+01 -2.534677e+01  2.511886e+01 -6.050509e-01 
 2.570396e+01 -2.501283e+01  2.570396e+01 -6.161042e-01 
 2.630268e+01 -2.468094e+01  2.630268e+01 -6.272391e-01 
 2.691535e+01 -2.435114e+01  2.691535e+01 -6.384510e-01 
 2.754229e+01 -2.402345e+01  2.754229e+01 -6.497353e-01 
 2.818383e+01 -2.369790e+01  2.818383e+01 -6.610871e-01 
 2.884032e+01 -2.337451e+01  2.884032e+01 -6.725014e-01 
 2.951209e+01 -2.305332e+01  2.951209e+01 -6.839731e-01 
 3.019952e+01 -2.273433e+01  3.019952e+01 -6.954968e-01 
 3.090295e+01 -2.241757e+01  3.090295e+01 -7.070671e-01 
 3.162278e+01 -2.210306e+01  3.162278e+01 -7.186784e-01 
 3.235937e+01 -2.179081e+01  3.235937e+01 -7.303250e-01 
 3.311311e+01 -2.148084e+01  3.311311e+01 -7.420013e-01 
 3.388442e+01 -2.117315e+01  3.388442e+01 -7.537013e-01 
 3.467369e+01 -2.086775e+01  3.467369e+01 -7.654192e-01 
 3.548134e+01 -2.056465e+01  3.548134e+01 -7.771491e-01 
 3.630781e+01 -2.026385e+01  3.630781e+01 -7.888849e-01 
 3.715352e+01 -1.996536e+01  3.715352e+01 -8.006206e-01 
 3.801894e+01 -1.966917e+01  3.801894e+01 -8.123504e-01 
 3.890451e+01 -1.937527e+01  3.890451e+01 -8.240683e-01 
 3.981072e+01 -1.908367e+01  3.981072e+01 -8.357682e-01 
 4.073803e+01 -1.879434e+01  4.073803e+01 -8.474444e-01 
 4.168694e+01 -1.850729e+01  4.168694e+01 -8.590910e-01 
 4.265795e+01 -1.822250e+01  4.265795e+01 -8.707023e-01 
 4.365158e+01 -1.793994e+01  4.365158e+01 -8.822728e-01 
 4.466836e+01 -1.765962e+01  4.466836e+01 -8.937967e-01 
 4.570882e+01 -1.738149e+01  4.570882e+01 -9.052689e-01 
 4.677351e+01 -1.710555e+01  4.677351e+01 -9.166839e-01 
 4.786301e+01 -1.683176e+01  4.786301e+01 -9.280368e-01 
 4.897788e+01 -1.656011e+01  4.897788e+01 -9.393224e-01 
 5.011872e+01 -1.629056e+01  5.011872e+01 -9.505362e-01 
 5.128614e+01 -1.602308e+01  5.128614e+01 -9.616734e-01 
 5.248075e+01 -1.575765e+01  5.248075e+01 -9.727296e-01 
 5.370318e+01 -1.549423e+01  5.370318e+01 -9.837007e-01 
 5.495409e+01 -1.523279e+01  5.495409e+01 -9.945825e-01 
 5.623413e+01 -1.497329e+01  5.623413e+01 -1.005371e+00 
 5.754399e+01 -1.471570e+01  5.754399e+01 -1.016063e+00 
 5.888437e+01 -1.445998e+01  5.888437e+01 -1.026656e+00 
 6.025596e+01 -1.420610e+01  6.025596e+01 -1.037144e+00 
 6.165950e+01 -1.395401e+01  6.165950e+01 -1.047527e+00 
 6.309573e+01 -1.370367e+01  6.309573e+01 -1.057801e+00 
 6.456542e+01 -1.345505e+01  6.456542e+01 -1.067963e+00 
 6.606934e+01 -1.320811e+01  6.606934e+01 -1.078012e+00 
 6.760830e+01 -1.296280e+01  6.760830e+01 -1.087944e+00 
 6.918310e+01 -1.271909e+01  6.918310e+01 -1.097759e+00 
 7.079458e+01 -1.247693e+01  7.079458e+01 -1.107454e+00 
 7.244360e+01 -1.223628e+01  7.244360e+01 -1.117028e+00 
 7.413102e+01 -1.199711e+01  7.413102e+01 -1.126480e+00 
 7.585776e+01 -1.175937e+01  7.585776e+01 -1.135808e+00 
 7.762471e+01 -1.152303e+01  7.762471e+01 -1.145012e+00 
 7.943282e+01 -1.128803e+01  7.943282e+01 -1.154091e+00 
 8.128305e+01 -1.105435e+01  8.128305e+01 -1.163045e+00 
 8.317638e+01 -1.082194e+01  8.317638e+01 -1.171872e+00 
 8.511380e+01 -1.059076e+01  8.511380e+01 -1.180574e+00 
 8.709636e+01 -1.036078e+01  8.709636e+01 -1.189149e+00 
 8.912509e+01 -1.013196e+01  8.912509e+01 -1.197598e+00 
 9.120108e+01 -9.904252e+00  9.120108e+01 -1.205921e+00 
 9.332543e+01 -9.677634e+00  9.332543e+01 -1.214118e+00 
 9.549926e+01 -9.452063e+00  9.549926e+01 -1.222191e+00 
 9.772372e+01 -9.227506e+00  9.772372e+01 -1.230139e+00 
 1.000000e+02 -9.003927e+00  1.000000e+02 -1.237964e+00 
 1.023293e+02 -8.781293e+00  1.023293e+02 -1.245665e+00 
 1.047129e+02 -8.559572e+00  1.047129e+02 -1.253245e+00 
 1.071519e+02 -8.338731e+00  1.071519e+02 -1.260705e+00 
 1.096478e+02 -8.118738e+00  1.096478e+02 -1.268044e+00 
 1.122018e+02 -7.899564e+00  1.122018e+02 -1.275266e+00 
 1.148154e+02 -7.681179e+00  1.148154e+02 -1.282370e+00 
 1.174898e+02 -7.463553e+00  1.174898e+02 -1.289359e+00 
 1.202264e+02 -7.246660e+00  1.202264e+02 -1.296233e+00 
 1.230269e+02 -7.030471e+00  1.230269e+02 -1.302995e+00 
 1.258925e+02 -6.814961e+00  1.258925e+02 -1.309646e+00 
 1.288250e+02 -6.600103e+00  1.288250e+02 -1.316188e+00 
 1.318257e+02 -6.385873e+00  1.318257e+02 -1.322622e+00 
 1.348963e+02 -6.172247e+00  1.348963e+02 -1.328950e+00 
 1.380384e+02 -5.959203e+00  1.380384e+02 -1.335174e+00 
 1.412538e+02 -5.746716e+00  1.412538e+02 -1.341296e+00 
 1.445440e+02 -5.534767e+00  1.445440e+02 -1.347317e+00 
 1.479108e+02 -5.323333e+00  1.479108e+02 -1.353239e+00 
 1.513561e+02 -5.112395e+00  1.513561e+02 -1.359065e+00 
 1.548817e+02 -4.901933e+00  1.548817e+02 -1.364796e+00 
 1.584893e+02 -4.691929e+00  1.584893e+02 -1.370434e+00 
 1.621810e+02 -4.482364e+00  1.621810e+02 -1.375981e+00 
 1.659587e+02 -4.273221e+00  1.659587e+02 -1.381439e+00 
 1.698244e+02 -4.064483e+00  1.698244e+02 -1.386811e+00 
 1.737801e+02 -3.856135e+00  1.737801e+02 -1.392097e+00 
 1.778279e+02 -3.648160e+00  1.778279e+02 -1.397300e+00 
 1.819701e+02 -3.440544e+00  1.819701e+02 -1.402423e+00 
 1.862087e+02 -3.233272e+00  1.862087e+02 -1.407466e+00 
 1.905461e+02 -3.026332e+00  1.905461e+02 -1.412433e+00 
 1.949845e+02 -2.819709e+00  1.949845e+02 -1.417324e+00 
 1.995262e+02 -2.613391e+00  1.995262e+02 -1.422143e+00 
 2.041738e+02 -2.407367e+00  2.041738e+02 -1.426891e+00 
 2.089296e+02 -2.201623e+00  2.089296e+02 -1.431570e+00 
 2.137962e+02 -1.996150e+00  2.137962e+02 -1.436182e+00 
 2.187762e+02 -1.790937e+00  2.187762e+02 -1.440729e+00 
 2.238721e+02 -1.585974e+00  2.238721e+02 -1.445213e+00 
 2.290868e+02 -1.381250e+00  2.290868e+02 -1.449637e+00 
 2.344229e+02 -1.176757e+00  2.344229e+02 -1.454001e+00 
 2.398833e+02 -9.724860e-01  2.398833e+02 -1.458308e+00 
 2.454709e+02 -7.684285e-01  2.454709e+02 -1.462560e+00 
 2.511886e+02 -5.645764e-01  2.511886e+02 -1.466759e+00 
 2.570396e+02 -3.609221e-01  2.570396e+02 -1.470907e+00 
 2.630268e+02 -1.574584e-01  2.630268e+02 -1.475006e+00 
 2.691535e+02  4.582166e-02  2.691535e+02 -1.479057e+00 
 2.754229e+02  2.489246e-01  2.754229e+02 -1.483063e+00 
 2.818383e+02  4.518566e-01  2.818383e+02 -1.487026e+00 
 2.884032e+02  6.546236e-01  2.884032e+02 -1.490946e+00 
 2.951209e+02  8.572311e-01  2.951209e+02 -1.494827e+00 
 3.019952e+02  1.059684e+00  3.019952e+02 -1.498670e+00 
 3.090295e+02  1.261988e+00  3.090295e+02 -1.502477e+00 
 3.162278e+02  1.464148e+00  3.162278e+02 -1.506250e+00 
 3.235937e+02  1.666167e+00  3.235937e+02 -1.509991e+00 
 3.311311e+02  1.868050e+00  3.311311e+02 -1.513701e+00 
 3.388442e+02  2.069800e+00  3.388442e+02 -1.517382e+00 
 3.467369e+02  2.271422e+00  3.467369e+02 -1.521037e+00 
 3.548134e+02  2.472918e+00  3.548134e+02 -1.524667e+00 
 3.630781e+02  2.674292e+00  3.630781e+02 -1.528273e+00 
 3.715352e+02  2.875546e+00  3.715352e+02 -1.531858e+00 
 3.801894e+02  3.076683e+00  3.801894e+02 -1.535423e+00 
 3.890451e+02  3.277705e+00  3.890451e+02 -1.538970e+00 
 3.981072e+02  3.478615e+00  3.981072e+02 -1.542502e+00 
 4.073803e+02  3.679413e+00  4.073803e+02 -1.546019e+00 
 4.168694e+02  3.880103e+00  4.168694e+02 -1.549523e+00 
 4.265795e+02  4.080685e+00  4.265795e+02 -1.553017e+00 
 4.365158e+02  4.281160e+00  4.365158e+02 -1.556501e+00 
 4.466836e+02  4.481529e+00  4.466836e+02 -1.559979e+00 
 4.570882e+02  4.681794e+00  4.570882e+02 -1.563451e+00 
 4.677351e+02  4.881954e+00  4.677351e+02 -1.566919e+00 
 4.786301e+02  5.082010e+00  4.786301e+02 -1.570385e+00 
 4.897788e+02  5.281963e+00  4.897788e+02 -1.573851e+00 
 5.011872e+02  5.481811e+00  5.011872e+02 -1.577319e+00 
 5.128614e+02  5.681555e+00  5.128614e+02 -1.580790e+00 
 5.248075e+02  5.881194e+00  5.248075e+02 -1.584266e+00 
 5.370318e+02  6.080728e+00  5.370318e+02 -1.587749e+00 
 5.495409e+02  6.280155e+00  5.495409e+02 -1.591240e+00 
 5.623413e+02  6.479475e+00  5.623413e+02 -1.594742e+00 
 5.754399e+02  6.678685e+00  5.754399e+02 -1.598255e+00 
 5.888437e+02  6.877785e+00  5.888437e+02 -1.601783e+00 
 6.025596e+02  7.076772e+00  6.025596e+02 -1.605326e+00 
 6.165950e+02  7.275645e+00  6.165950e+02 -1.608887e+00 
 6.309573e+02  7.474400e+00  6.309573e+02 -1.612467e+00 
 6.456542e+02  7.673037e+00  6.456542e+02 -1.616068e+00 
 6.606934e+02  7.871551e+00  6.606934e+02 -1.619691e+00 
 6.760830e+02  8.069939e+00  6.760830e+02 -1.623340e+00 
 6.918310e+02  8.268200e+00  6.918310e+02 -1.627014e+00 
 7.079458e+02  8.466328e+00  7.079458e+02 -1.630717e+00 
 7.244360e+02  8.664320e+00  7.244360e+02 -1.634450e+00 
 7.413102e+02  8.862173e+00  7.413102e+02 -1.638215e+00 
 7.585776e+02  9.059881e+00  7.585776e+02 -1.642013e+00 
 7.762471e+02  9.257440e+00  7.762471e+02 -1.645847e+00 
 7.943282e+02  9.454846e+00  7.943282e+02 -1.649719e+00 
 8.128305e+02  9.652092e+00  8.128305e+02 -1.653630e+00 
 8.317638e+02  9.849174e+00  8.317638e+02 -1.657581e+00 
 8.511380e+02  1.004609e+01  8.511380e+02 -1.661576e+00 
 8.709636e+02  1.024282e+01  8.709636e+02 -1.665616e+00 
 8.912509e+02  1.043937e+01  8.912509e+02 -1.669703e+00 
 9.120108e+02  1.063573e+01  9.120108e+02 -1.673838e+00 
 9.332543e+02  1.083190e+01  9.332543e+02 -1.678024e+00 
 9.549926e+02  1.102786e+01  9.549926e+02 -1.682263e+00 
 9.772372e+02  1.122361e+01  9.772372e+02 -1.686556e+00 
 1.000000e+03  1.141913e+01  1.000000e+03 -1.690906e+00 
 1.023293e+03  1.161443e+01  1.023293e+03 -1.695314e+00 
 1.047129e+03  1.180948e+01  1.047129e+03 -1.699783e+00 
 1.071519e+03  1.200429e+01  1.071519e+03 -1.704314e+00 
 1.096478e+03  1.219884e+01  1.096478e+03 -1.708909e+00 
 1.122018e+03  1.239312e+01  1.122018e+03 -1.713571e+00 
 1.148154e+03  1.258712e+01  1.148154e+03 -1.718301e+00 
 1.174898e+03  1.278083e+01  1.174898e+03 -1.723101e+00 
 1.202264e+03  1.297423e+01  1.202264e+03 -1.727974e+00 
 1.230269e+03  1.316732e+01  1.230269e+03 -1.732921e+00 
 1.258925e+03  1.336007e+01  1.258925e+03 -1.737945e+00 
 1.288250e+03  1.355249e+01  1.288250e+03 -1.743046e+00 
 1.318257e+03  1.374454e+01  1.318257e+03 -1.748229e+00 
 1.348963e+03  1.393622e+01  1.348963e+03 -1.753493e+00 
 1.380384e+03  1.412752e+01  1.380384e+03 -1.758842e+00 
 1.412538e+03  1.431841e+01  1.412538e+03 -1.764277e+00 
 1.445440e+03  1.450888e+01  1.445440e+03 -1.769800e+00 
 1.479108e+03  1.469891e+01  1.479108e+03 -1.775414e+00 
 1.513561e+03  1.488849e+01  1.513561e+03 -1.781120e+00 
 1.548817e+03  1.507759e+01  1.548817e+03 -1.786920e+00 
 1.584893e+03  1.526620e+01  1.584893e+03 -1.792816e+00 
 1.621810e+03  1.545430e+01  1.621810e+03 -1.798810e+00 
 1.659587e+03  1.564185e+01  1.659587e+03 -1.804904e+00 
 1.698244e+03  1.582886e+01  1.698244e+03 -1.811100e+00 
 1.737801e+03  1.601528e+01  1.737801e+03 -1.817399e+00 
 1.778279e+03  1.620110e+01  1.778279e+03 -1.823803e+00 
 1.819701e+03  1.638630e+01  1.819701e+03 -1.830314e+00 
 1.862087e+03  1.657084e+01  1.862087e+03 -1.836934e+00 
 1.905461e+03  1.675471e+01  1.905461e+03 -1.843664e+00 
 1.949845e+03  1.693788e+01  1.949845e+03 -1.850506e+00 
 1.995262e+03  1.712031e+01  1.995262e+03 -1.857461e+00 
 2.041738e+03  1.730199e+01  2.041738e+03 -1.864532e+00 
 2.089296e+03  1.748288e+01  2.089296e+03 -1.871718e+00 
 2.137962e+03  1.766296e+01  2.137962e+03 -1.879022e+00 
 2.187762e+03  1.784219e+01  2.187762e+03 -1.886445e+00 
 2.238721e+03  1.802054e+01  2.238721e+03 -1.893988e+00 
 2.290868e+03  1.819799e+01  2.290868e+03 -1.901652e+00 
 2.344229e+03  1.837449e+01  2.344229e+03 -1.909437e+00 
 2.398833e+03  1.855001e+01  2.398833e+03 -1.917346e+00 
 2.454709e+03  1.872453e+01  2.454709e+03 -1.925378e+00 
 2.511886e+03  1.889800e+01  2.511886e+03 -1.933535e+00 
 2.570396e+03  1.907039e+01  2.570396e+03 -1.941816e+00 
 2.630268e+03  1.924166e+01  2.630268e+03 -1.950222e+00 
 2.691535e+03  1.941177e+01  2.691535e+03 -1.958754e+00 
 2.754229e+03  1.958070e+01  2.754229e+03 -1.967410e+00 
 2.818383e+03  1.974839e+01  2.818383e+03 -1.976193e+00 
 2.884032e+03  1.991481e+01  2.884032e+03 -1.985100e+00 
 2.951209e+03  2.007993e+01  2.951209e+03 -1.994132e+00 
 3.019952e+03  2.024370e+01  3.019952e+03 -2.003289e+00 
 3.090295e+03  2.040607e+01  3.090295e+03 -2.012568e+00 
 3.162278e+03  2.056702e+01  3.162278e+03 -2.021971e+00 
 3.235937e+03  2.072650e+01  3.235937e+03 -2.031495e+00 
 3.311311e+03  2.088447e+01  3.311311e+03 -2.041139e+00 
 3.388442e+03  2.104089e+01  3.388442e+03 -2.050901e+00 
 3.467369e+03  2.119572e+01  3.467369e+03 -2.060781e+00 
 3.548134e+03  2.134891e+01  3.548134e+03 -2.070775e+00 
 3.630781e+03  2.150043e+01  3.630781e+03 -2.080883e+00 
 3.715352e+03  2.165024e+01  3.715352e+03 -2.091101e+00 
 3.801894e+03  2.179830e+01  3.801894e+03 -2.101427e+00 
 3.890451e+03  2.194456e+01  3.890451e+03 -2.111859e+00 
 3.981072e+03  2.208900e+01  3.981072e+03 -2.122392e+00 
 4.073803e+03  2.223157e+01  4.073803e+03 -2.133025e+00 
 4.168694e+03  2.237223e+01  4.168694e+03 -2.143754e+00 
 4.265795e+03  2.251095e+01  4.265795e+03 -2.154575e+00 
 4.365158e+03  2.264770e+01  4.365158e+03 -2.165484e+00 
 4.466836e+03  2.278244e+01  4.466836e+03 -2.176477e+00 
 4.570882e+03  2.291513e+01  4.570882e+03 -2.187550e+00 
 4.677351e+03  2.304576e+01  4.677351e+03 -2.198699e+00 
 4.786301e+03  2.317428e+01  4.786301e+03 -2.209918e+00 
 4.897788e+03  2.330067e+01  4.897788e+03 -2.221204e+00 
 5.011872e+03  2.342491e+01  5.011872e+03 -2.232551e+00 
 5.128614e+03  2.354697e+01  5.128614e+03 -2.243954e+00 
 5.248075e+03  2.366682e+01  5.248075e+03 -2.255407e+00 
 5.370318e+03  2.378446e+01  5.370318e+03 -2.266906e+00 
 5.495409e+03  2.389985e+01  5.495409e+03 -2.278445e+00 
 5.623413e+03  2.401299e+01  5.623413e+03 -2.290018e+00 
 5.754399e+03  2.412386e+01  5.754399e+03 -2.301619e+00 
 5.888437e+03  2.423244e+01  5.888437e+03 -2.313243e+00 
 6.025596e+03  2.433874e+01  6.025596e+03 -2.324883e+00 
 6.165950e+03  2.444274e+01  6.165950e+03 -2.336534e+00 
 6.309573e+03  2.454444e+01  6.309573e+03 -2.348190e+00 
 6.456542e+03  2.464384e+01  6.456542e+03 -2.359844e+00 
 6.606934e+03  2.474093e+01  6.606934e+03 -2.371491e+00 
 6.760830e+03  2.483573e+01  6.760830e+03 -2.383125e+00 
 6.918310e+03  2.492823e+01  6.918310e+03 -2.394739e+00 
 7.079458e+03  2.501845e+01  7.079458e+03 -2.406327e+00 
 7.244360e+03  2.510639e+01  7.244360e+03 -2.417885e+00 
 7.413102e+03  2.519207e+01  7.413102e+03 -2.429405e+00 
 7.585776e+03  2.527551e+01  7.585776e+03 -2.440883e+00 
 7.762471e+03  2.535671e+01  7.762471e+03 -2.452312e+00 
 7.943282e+03  2.543570e+01  7.943282e+03 -2.463688e+00 
 8.128305e+03  2.551250e+01  8.128305e+03 -2.475004e+00 
 8.317638e+03  2.558713e+01  8.317638e+03 -2.486255e+00 
 8.511380e+03  2.565963e+01  8.511380e+03 -2.497437e+00 
 8.709636e+03  2.573000e+01  8.709636e+03 -2.508545e+00 
 8.912509e+03  2.579829e+01  8.912509e+03 -2.519573e+00 
 9.120108e+03  2.586453e+01  9.120108e+03 -2.530518e+00 
 9.332543e+03  2.592874e+01  9.332543e+03 -2.541374e+00 
 9.549926e+03  2.599096e+01  9.549926e+03 -2.552138e+00 
 9.772372e+03  2.605123e+01  9.772372e+03 -2.562805e+00 
 1.000000e+04  2.610957e+01  1.000000e+04 -2.573373e+00 
 1.023293e+04  2.616603e+01  1.023293e+04 -2.583836e+00 
 1.047129e+04  2.622064e+01  1.047129e+04 -2.594193e+00 
 1.071519e+04  2.627344e+01  1.071519e+04 -2.604440e+00 
 1.096478e+04  2.632447e+01  1.096478e+04 -2.614573e+00 
 1.122018e+04  2.637378e+01  1.122018e+04 -2.624590e+00 
 1.148154e+04  2.642139e+01  1.148154e+04 -2.634489e+00 
 1.174898e+04  2.646735e+01  1.174898e+04 -2.644268e+00 
 1.202264e+04  2.651170e+01  1.202264e+04 -2.653923e+00 
 1.230269e+04  2.655448e+01  1.230269e+04 -2.663454e+00 
 1.258925e+04  2.659573e+01  1.258925e+04 -2.672859e+00 
 1.288250e+04  2.663550e+01  1.288250e+04 -2.682136e+00 
 1.318257e+04  2.667382e+01  1.318257e+04 -2.691284e+00 
 1.348963e+04  2.671073e+01  1.348963e+04 -2.700301e+00 
 1.380384e+04  2.674628e+01  1.380384e+04 -2.709188e+00 
 1.412538e+04  2.678050e+01  1.412538e+04 -2.717942e+00 
 1.445440e+04  2.681343e+01  1.445440e+04 -2.726565e+00 
 1.479108e+04  2.684512e+01  1.479108e+04 -2.735054e+00 
 1.513561e+04  2.687560e+01  1.513561e+04 -2.743410e+00 
 1.548817e+04  2.690490e+01  1.548817e+04 -2.751633e+00 
 1.584893e+04  2.693308e+01  1.584893e+04 -2.759723e+00 
 1.621810e+04  2.696015e+01  1.621810e+04 -2.767680e+00 
 1.659587e+04  2.698617e+01  1.659587e+04 -2.775505e+00 
 1.698244e+04  2.701116e+01  1.698244e+04 -2.783197e+00 
 1.737801e+04  2.703517e+01  1.737801e+04 -2.790757e+00 
 1.778279e+04  2.705821e+01  1.778279e+04 -2.798186e+00 
 1.819701e+04  2.708034e+01  1.819701e+04 -2.805485e+00 
 1.862087e+04  2.710157e+01  1.862087e+04 -2.812655e+00 
 1.905461e+04  2.712195e+01  1.905461e+04 -2.819696e+00 
 1.949845e+04  2.714150e+01  1.949845e+04 -2.826609e+00 
 1.995262e+04  2.716025e+01  1.995262e+04 -2.833397e+00 
 2.041738e+04  2.717823e+01  2.041738e+04 -2.840059e+00 
 2.089296e+04  2.719548e+01  2.089296e+04 -2.846597e+00 
 2.137962e+04  2.721201e+01  2.137962e+04 -2.853012e+00 
 2.187762e+04  2.722785e+01  2.187762e+04 -2.859307e+00 
 2.238721e+04  2.724304e+01  2.238721e+04 -2.865481e+00 
 2.290868e+04  2.725760e+01  2.290868e+04 -2.871537e+00 
 2.344229e+04  2.727154e+01  2.344229e+04 -2.877476e+00 
 2.398833e+04  2.728490e+01  2.398833e+04 -2.883300e+00 
 2.454709e+04  2.729770e+01  2.454709e+04 -2.889010e+00 
 2.511886e+04  2.730995e+01  2.511886e+04 -2.894608e+00 
 2.570396e+04  2.732169e+01  2.570396e+04 -2.900096e+00 
 2.630268e+04  2.733293e+01  2.630268e+04 -2.905474e+00 
 2.691535e+04  2.734368e+01  2.691535e+04 -2.910745e+00 
 2.754229e+04  2.735398e+01  2.754229e+04 -2.915911e+00 
 2.818383e+04  2.736384e+01  2.818383e+04 -2.920972e+00 
 2.884032e+04  2.737328e+01  2.884032e+04 -2.925932e+00 
 2.951209e+04  2.738231e+01  2.951209e+04 -2.930790e+00 
 3.019952e+04  2.739095e+01  3.019952e+04 -2.935551e+00 
 3.090295e+04  2.739922e+01  3.090295e+04 -2.940213e+00 
 3.162278e+04  2.740713e+01  3.162278e+04 -2.944781e+00 
 3.235937e+04  2.741470e+01  3.235937e+04 -2.949255e+00 
 3.311311e+04  2.742194e+01  3.311311e+04 -2.953637e+00 
 3.388442e+04  2.742887e+01  3.388442e+04 -2.957928e+00 
 3.467369e+04  2.743549e+01  3.467369e+04 -2.962131e+00 
 3.548134e+04  2.744183e+01  3.548134e+04 -2.966247e+00 
 3.630781e+04  2.744789e+01  3.630781e+04 -2.970277e+00 
 3.715352e+04  2.745369e+01  3.715352e+04 -2.974224e+00 
 3.801894e+04  2.745923e+01  3.801894e+04 -2.978089e+00 
 3.890451e+04  2.746453e+01  3.890451e+04 -2.981873e+00 
 3.981072e+04  2.746959e+01  3.981072e+04 -2.985578e+00 
 4.073803e+04  2.747443e+01  4.073803e+04 -2.989207e+00 
 4.168694e+04  2.747907e+01  4.168694e+04 -2.992759e+00 
 4.265795e+04  2.748349e+01  4.265795e+04 -2.996238e+00 
 4.365158e+04  2.748772e+01  4.365158e+04 -2.999643e+00 
 4.466836e+04  2.749177e+01  4.466836e+04 -3.002978e+00 
 4.570882e+04  2.749564e+01  4.570882e+04 -3.006243e+00 
 4.677351e+04  2.749933e+01  4.677351e+04 -3.009440e+00 
 4.786301e+04  2.750287e+01  4.786301e+04 -3.012571e+00 
 4.897788e+04  2.750624e+01  4.897788e+04 -3.015636e+00 
 5.011872e+04  2.750947e+01  5.011872e+04 -3.018637e+00 
 5.128614e+04  2.751255e+01  5.128614e+04 -3.021576e+00 
 5.248075e+04  2.751550e+01  5.248075e+04 -3.024454e+00 
 5.370318e+04  2.751832e+01  5.370318e+04 -3.027272e+00 
 5.495409e+04  2.752101e+01  5.495409e+04 -3.030032e+00 
 5.623413e+04  2.752358e+01  5.623413e+04 -3.032735e+00 
 5.754399e+04  2.752604e+01  5.754399e+04 -3.035382e+00 
 5.888437e+04  2.752839e+01  5.888437e+04 -3.037975e+00 
 6.025596e+04  2.753063e+01  6.025596e+04 -3.040514e+00 
 6.165950e+04  2.753277e+01  6.165950e+04 -3.043002e+00 
 6.309573e+04  2.753482e+01  6.309573e+04 -3.045439e+00 
 6.456542e+04  2.753678e+01  6.456542e+04 -3.047826e+00 
 6.606934e+04  2.753865e+01  6.606934e+04 -3.050165e+00 
 6.760830e+04  2.754044e+01  6.760830e+04 -3.052456e+00 
 6.918310e+04  2.754215e+01  6.918310e+04 -3.054702e+00 
 7.079458e+04  2.754378e+01  7.079458e+04 -3.056902e+00 
 7.244360e+04  2.754533e+01  7.244360e+04 -3.059059e+00 
 7.413102e+04  2.754682e+01  7.413102e+04 -3.061172e+00 
 7.585776e+04  2.754825e+01  7.585776e+04 -3.063244e+00 
 7.762471e+04  2.754961e+01  7.762471e+04 -3.065275e+00 
 7.943282e+04  2.755090e+01  7.943282e+04 -3.067267e+00 
 8.128305e+04  2.755214e+01  8.128305e+04 -3.069220e+00 
 8.317638e+04  2.755333e+01  8.317638e+04 -3.071135e+00 
 8.511380e+04  2.755446e+01  8.511380e+04 -3.073013e+00 
 8.709636e+04  2.755554e+01  8.709636e+04 -3.074856e+00 
 8.912509e+04  2.755658e+01  8.912509e+04 -3.076664e+00 
 9.120108e+04  2.755756e+01  9.120108e+04 -3.078437e+00 
 9.332543e+04  2.755851e+01  9.332543e+04 -3.080178e+00 
 9.549926e+04  2.755941e+01  9.549926e+04 -3.081887e+00 
 9.772372e+04  2.756027e+01  9.772372e+04 -3.083564e+00 
 1.000000e+05  2.756109e+01  1.000000e+05 -3.085211e+00 
 1.023293e+05  2.756188e+01  1.023293e+05 -3.086829e+00 
 1.047129e+05  2.756263e+01  1.047129e+05 -3.088418e+00 
 1.071519e+05  2.756334e+01  1.071519e+05 -3.089979e+00 
 1.096478e+05  2.756403e+01  1.096478e+05 -3.091513e+00 
 1.122018e+05  2.756468e+01  1.122018e+05 -3.093020e+00 
 1.148154e+05  2.756531e+01  1.148154e+05 -3.094502e+00 
 1.174898e+05  2.756591e+01  1.174898e+05 -3.095960e+00 
 1.202264e+05  2.756648e+01  1.202264e+05 -3.097393e+00 
 1.230269e+05  2.756702e+01  1.230269e+05 -3.098803e+00 
 1.258925e+05  2.756754e+01  1.258925e+05 -3.100191e+00 
 1.288250e+05  2.756804e+01  1.288250e+05 -3.101557e+00 
 1.318257e+05  2.756852e+01  1.318257e+05 -3.102902e+00 
 1.348963e+05  2.756897e+01  1.348963e+05 -3.104226e+00 
 1.380384e+05  2.756941e+01  1.380384e+05 -3.105531e+00 
 1.412538e+05  2.756982e+01  1.412538e+05 -3.106817e+00 
 1.445440e+05  2.757022e+01  1.445440e+05 -3.108084e+00 
 1.479108e+05  2.757060e+01  1.479108e+05 -3.109334e+00 
 1.513561e+05  2.757097e+01  1.513561e+05 -3.110567e+00 
 1.548817e+05  2.757131e+01  1.548817e+05 -3.111784e+00 
 1.584893e+05  2.757165e+01  1.584893e+05 -3.112984e+00 
 1.621810e+05  2.757196e+01  1.621810e+05 -3.114170e+00 
 1.659587e+05  2.757227e+01  1.659587e+05 -3.115341e+00 
 1.698244e+05  2.757256e+01  1.698244e+05 -3.116499e+00 
 1.737801e+05  2.757284e+01  1.737801e+05 -3.117643e+00 
 1.778279e+05  2.757310e+01  1.778279e+05 -3.118775e+00 
 1.819701e+05  2.757336e+01  1.819701e+05 -3.119894e+00 
 1.862087e+05  2.757360e+01  1.862087e+05 -3.121002e+00 
 1.905461e+05  2.757383e+01  1.905461e+05 -3.122100e+00 
 1.949845e+05  2.757406e+01  1.949845e+05 -3.123187e+00 
 1.995262e+05  2.757427e+01  1.995262e+05 -3.124264e+00 
 2.041738e+05  2.757448e+01  2.041738e+05 -3.125332e+00 
 2.089296e+05  2.757468e+01  2.089296e+05 -3.126392e+00 
 2.137962e+05  2.757486e+01  2.137962e+05 -3.127443e+00 
 2.187762e+05  2.757505e+01  2.187762e+05 -3.128487e+00 
 2.238721e+05  2.757522e+01  2.238721e+05 -3.129524e+00 
 2.290868e+05  2.757539e+01  2.290868e+05 -3.130555e+00 
 2.344229e+05  2.757555e+01  2.344229e+05 -3.131580e+00 
 2.398833e+05  2.757570e+01  2.398833e+05 -3.132600e+00 
 2.454709e+05  2.757585e+01  2.454709e+05 -3.133615e+00 
 2.511886e+05  2.757599e+01  2.511886e+05 -3.134626e+00 
 2.570396e+05  2.757613e+01  2.570396e+05 -3.135633e+00 
 2.630268e+05  2.757626e+01  2.630268e+05 -3.136637e+00 
 2.691535e+05  2.757639e+01  2.691535e+05 -3.137638e+00 
 2.754229e+05  2.757651e+01  2.754229e+05 -3.138637e+00 
 2.818383e+05  2.757663e+01  2.818383e+05 -3.139635e+00 
 2.884032e+05  2.757675e+01  2.884032e+05 -3.140632e+00 
 2.951209e+05  2.757686e+01  2.951209e+05  3.141557e+00 
 3.019952e+05  2.757697e+01  3.019952e+05  3.140561e+00 
 3.090295e+05  2.757707e+01  3.090295e+05  3.139564e+00 
 3.162278e+05  2.757717e+01  3.162278e+05  3.138566e+00 
 3.235937e+05  2.757727e+01  3.235937e+05  3.137566e+00 
 3.311311e+05  2.757737e+01  3.311311e+05  3.136565e+00 
 3.388442e+05  2.757746e+01  3.388442e+05  3.135560e+00 
 3.467369e+05  2.757755e+01  3.467369e+05  3.134553e+00 
 3.548134e+05  2.757764e+01  3.548134e+05  3.133541e+00 
 3.630781e+05  2.757773e+01  3.630781e+05  3.132526e+00 
 3.715352e+05  2.757782e+01  3.715352e+05  3.131505e+00 
 3.801894e+05  2.757790e+01  3.801894e+05  3.130479e+00 
 3.890451e+05  2.757799e+01  3.890451e+05  3.129447e+00 
 3.981072e+05  2.757807e+01  3.981072e+05  3.128409e+00 
 4.073803e+05  2.757815e+01  4.073803e+05  3.127364e+00 
 4.168694e+05  2.757823e+01  4.168694e+05  3.126311e+00 
 4.265795e+05  2.757831e+01  4.265795e+05  3.125250e+00 
 4.365158e+05  2.757839e+01  4.365158e+05  3.124180e+00 
 4.466836e+05  2.757847e+01  4.466836e+05  3.123101e+00 
 4.570882e+05  2.757855e+01  4.570882e+05  3.122013e+00 
 4.677351e+05  2.757863e+01  4.677351e+05  3.120913e+00 
 4.786301e+05  2.757871e+01  4.786301e+05  3.119803e+00 
 4.897788e+05  2.757879e+01  4.897788e+05  3.118681e+00 
 5.011872e+05  2.757887e+01  5.011872e+05  3.117547e+00 
 5.128614e+05  2.757896e+01  5.128614e+05  3.116401e+00 
 5.248075e+05  2.757904e+01  5.248075e+05  3.115241e+00 
 5.370318e+05  2.757912e+01  5.370318e+05  3.114066e+00 
 5.495409e+05  2.757921e+01  5.495409e+05  3.112878e+00 
 5.623413e+05  2.757930e+01  5.623413e+05  3.111674e+00 
 5.754399e+05  2.757938e+01  5.754399e+05  3.110453e+00 
 5.888437e+05  2.757947e+01  5.888437e+05  3.109217e+00 
 6.025596e+05  2.757957e+01  6.025596e+05  3.107963e+00 
 6.165950e+05  2.757966e+01  6.165950e+05  3.106691e+00 
 6.309573e+05  2.757976e+01  6.309573e+05  3.105401e+00 
 6.456542e+05  2.757986e+01  6.456542e+05  3.104092e+00 
 6.606934e+05  2.757996e+01  6.606934e+05  3.102762e+00 
 6.760830e+05  2.758007e+01  6.760830e+05  3.101412e+00 
 6.918310e+05  2.758018e+01  6.918310e+05  3.100040e+00 
 7.079458e+05  2.758029e+01  7.079458e+05  3.098647e+00 
 7.244360e+05  2.758041e+01  7.244360e+05  3.097230e+00 
 7.413102e+05  2.758053e+01  7.413102e+05  3.095790e+00 
 7.585776e+05  2.758065e+01  7.585776e+05  3.094325e+00 
 7.762471e+05  2.758078e+01  7.762471e+05  3.092835e+00 
 7.943282e+05  2.758092e+01  7.943282e+05  3.091319e+00 
 8.128305e+05  2.758106e+01  8.128305e+05  3.089777e+00 
 8.317638e+05  2.758120e+01  8.317638e+05  3.088207e+00 
 8.511380e+05  2.758135e+01  8.511380e+05  3.086608e+00 
 8.709636e+05  2.758151e+01  8.709636e+05  3.084980e+00 
 8.912509e+05  2.758167e+01  8.912509e+05  3.083321e+00 
 9.120108e+05  2.758184e+01  9.120108e+05  3.081632e+00 
 9.332543e+05  2.758202e+01  9.332543e+05  3.079911e+00 
 9.549926e+05  2.758220e+01  9.549926e+05  3.078156e+00 
 9.772372e+05  2.758239e+01  9.772372e+05  3.076368e+00 
 1.000000e+06  2.758259e+01  1.000000e+06  3.074545e+00 
 1.023293e+06  2.758280e+01  1.023293e+06  3.072686e+00 
 1.047129e+06  2.758302e+01  1.047129e+06  3.070790e+00 
 1.071519e+06  2.758325e+01  1.071519e+06  3.068856e+00 
 1.096478e+06  2.758348e+01  1.096478e+06  3.066883e+00 
 1.122018e+06  2.758373e+01  1.122018e+06  3.064871e+00 
 1.148154e+06  2.758399e+01  1.148154e+06  3.062817e+00 
 1.174898e+06  2.758426e+01  1.174898e+06  3.060721e+00 
 1.202264e+06  2.758454e+01  1.202264e+06  3.058582e+00 
 1.230269e+06  2.758483e+01  1.230269e+06  3.056398e+00 
 1.258925e+06  2.758514e+01  1.258925e+06  3.054168e+00 
 1.288250e+06  2.758546e+01  1.288250e+06  3.051891e+00 
 1.318257e+06  2.758580e+01  1.318257e+06  3.049567e+00 
 1.348963e+06  2.758615e+01  1.348963e+06  3.047192e+00 
 1.380384e+06  2.758651e+01  1.380384e+06  3.044767e+00 
 1.412538e+06  2.758689e+01  1.412538e+06  3.042290e+00 
 1.445440e+06  2.758729e+01  1.445440e+06  3.039760e+00 
 1.479108e+06  2.758771e+01  1.479108e+06  3.037174e+00 
 1.513561e+06  2.758815e+01  1.513561e+06  3.034532e+00 
 1.548817e+06  2.758860e+01  1.548817e+06  3.031832e+00 
 1.584893e+06  2.758908e+01  1.584893e+06  3.029073e+00 
 1.621810e+06  2.758958e+01  1.621810e+06  3.026253e+00 
 1.659587e+06  2.759010e+01  1.659587e+06  3.023371e+00 
 1.698244e+06  2.759064e+01  1.698244e+06  3.020425e+00 
 1.737801e+06  2.759121e+01  1.737801e+06  3.017413e+00 
 1.778279e+06  2.759181e+01  1.778279e+06  3.014333e+00 
 1.819701e+06  2.759243e+01  1.819701e+06  3.011185e+00 
 1.862087e+06  2.759308e+01  1.862087e+06  3.007965e+00 
 1.905461e+06  2.759376e+01  1.905461e+06  3.004673e+00 
 1.949845e+06  2.759447e+01  1.949845e+06  3.001306e+00 
 1.995262e+06  2.759521e+01  1.995262e+06  2.997862e+00 
 2.041738e+06  2.759598e+01  2.041738e+06  2.994340e+00 
 2.089296e+06  2.759679e+01  2.089296e+06  2.990737e+00 
 2.137962e+06  2.759763e+01  2.137962e+06  2.987052e+00 
 2.187762e+06  2.759852e+01  2.187762e+06  2.983281e+00 
 2.238721e+06  2.759944e+01  2.238721e+06  2.979424e+00 
 2.290868e+06  2.760040e+01  2.290868e+06  2.975477e+00 
 2.344229e+06  2.760140e+01  2.344229e+06  2.971439e+00 
 2.398833e+06  2.760245e+01  2.398833e+06  2.967306e+00 
 2.454709e+06  2.760355e+01  2.454709e+06  2.963077e+00 
 2.511886e+06  2.760469e+01  2.511886e+06  2.958749e+00 
 2.570396e+06  2.760588e+01  2.570396e+06  2.954320e+00 
 2.630268e+06  2.760712e+01  2.630268e+06  2.949786e+00 
 2.691535e+06  2.760842e+01  2.691535e+06  2.945145e+00 
 2.754229e+06  2.760977e+01  2.754229e+06  2.940394e+00 
 2.818383e+06  2.761118e+01  2.818383e+06  2.935530e+00 
 2.884032e+06  2.761265e+01  2.884032e+06  2.930550e+00 
 2.951209e+06  2.761419e+01  2.951209e+06  2.925451e+00 
 3.019952e+06  2.761578e+01  3.019952e+06  2.920230e+00 
 3.090295e+06  2.761745e+01  3.090295e+06  2.914883e+00 
 3.162278e+06  2.761918e+01  3.162278e+06  2.909408e+00 
 3.235937e+06  2.762099e+01  3.235937e+06  2.903800e+00 
 3.311311e+06  2.762287e+01  3.311311e+06  2.898056e+00 
 3.388442e+06  2.762482e+01  3.388442e+06  2.892172e+00 
 3.467369e+06  2.762685e+01  3.467369e+06  2.886145e+00 
 3.548134e+06  2.762897e+01  3.548134e+06  2.879969e+00 
 3.630781e+06  2.763116e+01  3.630781e+06  2.873642e+00 
 3.715352e+06  2.763345e+01  3.715352e+06  2.867159e+00 
 3.801894e+06  2.763582e+01  3.801894e+06  2.860515e+00 
 3.890451e+06  2.763828e+01  3.890451e+06  2.853706e+00 
 3.981072e+06  2.764084e+01  3.981072e+06  2.846728e+00 
 4.073803e+06  2.764348e+01  4.073803e+06  2.839574e+00 
 4.168694e+06  2.764623e+01  4.168694e+06  2.832241e+00 
 4.265795e+06  2.764907e+01  4.265795e+06  2.824722e+00 
 4.365158e+06  2.765202e+01  4.365158e+06  2.817013e+00 
 4.466836e+06  2.765506e+01  4.466836e+06  2.809108e+00 
 4.570882e+06  2.765821e+01  4.570882e+06  2.801001e+00 
 4.677351e+06  2.766146e+01  4.677351e+06  2.792685e+00 
 4.786301e+06  2.766481e+01  4.786301e+06  2.784155e+00 
 4.897788e+06  2.766827e+01  4.897788e+06  2.775404e+00 
 5.011872e+06  2.767183e+01  5.011872e+06  2.766425e+00 
 5.128614e+06  2.767549e+01  5.128614e+06  2.757211e+00 
 5.248075e+06  2.767925e+01  5.248075e+06  2.747755e+00 
 5.370318e+06  2.768311e+01  5.370318e+06  2.738049e+00 
 5.495409e+06  2.768706e+01  5.495409e+06  2.728085e+00 
 5.623413e+06  2.769110e+01  5.623413e+06  2.717855e+00 
 5.754399e+06  2.769523e+01  5.754399e+06  2.707350e+00 
 5.888437e+06  2.769944e+01  5.888437e+06  2.696561e+00 
 6.025596e+06  2.770372e+01  6.025596e+06  2.685479e+00 
 6.165950e+06  2.770806e+01  6.165950e+06  2.674095e+00 
 6.309573e+06  2.771245e+01  6.309573e+06  2.662398e+00 
 6.456542e+06  2.771688e+01  6.456542e+06  2.650377e+00 
 6.606934e+06  2.772134e+01  6.606934e+06  2.638022e+00 
 6.760830e+06  2.772580e+01  6.760830e+06  2.625322e+00 
 6.918310e+06  2.773025e+01  6.918310e+06  2.612264e+00 
 7.079458e+06  2.773466e+01  7.079458e+06  2.598836e+00 
 7.244360e+06  2.773900e+01  7.244360e+06  2.585026e+00 
 7.413102e+06  2.774326e+01  7.413102e+06  2.570820e+00 
 7.585776e+06  2.774739e+01  7.585776e+06  2.556204e+00 
 7.762471e+06  2.775136e+01  7.762471e+06  2.541164e+00 
 7.943282e+06  2.775512e+01  7.943282e+06  2.525685e+00 
 8.128305e+06  2.775863e+01  8.128305e+06  2.509751e+00 
 8.317638e+06  2.776183e+01  8.317638e+06  2.493346e+00 
 8.511380e+06  2.776467e+01  8.511380e+06  2.476454e+00 
 8.709636e+06  2.776706e+01  8.709636e+06  2.459058e+00 
 8.912509e+06  2.776895e+01  8.912509e+06  2.441139e+00 
 9.120108e+06  2.777023e+01  9.120108e+06  2.422679e+00 
 9.332543e+06  2.777083e+01  9.332543e+06  2.403659e+00 
 9.549926e+06  2.777063e+01  9.549926e+06  2.384060e+00 
 9.772372e+06  2.776952e+01  9.772372e+06  2.363862e+00 
 1.000000e+07  2.776738e+01  1.000000e+07  2.343044e+00 
 1.023293e+07  2.776405e+01  1.023293e+07  2.321587e+00 
 1.047129e+07  2.775939e+01  1.047129e+07  2.299467e+00 
 1.071519e+07  2.775323e+01  1.071519e+07  2.276666e+00 
 1.096478e+07  2.774537e+01  1.096478e+07  2.253160e+00 
 1.122018e+07  2.773561e+01  1.122018e+07  2.228929e+00 
 1.148154e+07  2.772374e+01  1.148154e+07  2.203951e+00 
 1.174898e+07  2.770950e+01  1.174898e+07  2.178205e+00 
 1.202264e+07  2.769263e+01  1.202264e+07  2.151671e+00 
 1.230269e+07  2.767284e+01  1.230269e+07  2.124330e+00 
 1.258925e+07  2.764983e+01  1.258925e+07  2.096162e+00 
 1.288250e+07  2.762326e+01  1.288250e+07  2.067150e+00 
 1.318257e+07  2.759278e+01  1.318257e+07  2.037279e+00 
 1.348963e+07  2.755800e+01  1.348963e+07  2.006533e+00 
 1.380384e+07  2.751853e+01  1.380384e+07  1.974903e+00 
 1.412538e+07  2.747393e+01  1.412538e+07  1.942378e+00 
 1.445440e+07  2.742376e+01  1.445440e+07  1.908952e+00 
 1.479108e+07  2.736755e+01  1.479108e+07  1.874624e+00 
 1.513561e+07  2.730482e+01  1.513561e+07  1.839393e+00 
 1.548817e+07  2.723505e+01  1.548817e+07  1.803267e+00 
 1.584893e+07  2.715773e+01  1.584893e+07  1.766254e+00 
 1.621810e+07  2.707235e+01  1.621810e+07  1.728371e+00 
 1.659587e+07  2.697837e+01  1.659587e+07  1.689637e+00 
 1.698244e+07  2.687527e+01  1.698244e+07  1.650078e+00 
 1.737801e+07  2.676253e+01  1.737801e+07  1.609726e+00 
 1.778279e+07  2.663964e+01  1.778279e+07  1.568616e+00 
 1.819701e+07  2.650613e+01  1.819701e+07  1.526793e+00 
 1.862087e+07  2.636152e+01  1.862087e+07  1.484303e+00 
 1.905461e+07  2.620538e+01  1.905461e+07  1.441199e+00 
 1.949845e+07  2.603733e+01  1.949845e+07  1.397538e+00 
 1.995262e+07  2.585701e+01  1.995262e+07  1.353383e+00 
 2.041738e+07  2.566411e+01  2.041738e+07  1.308797e+00 
 2.089296e+07  2.545837e+01  2.089296e+07  1.263848e+00 
 2.137962e+07  2.523959e+01  2.137962e+07  1.218607e+00 
 2.187762e+07  2.500760e+01  2.187762e+07  1.173143e+00 
 2.238721e+07  2.476231e+01  2.238721e+07  1.127529e+00 
 2.290868e+07  2.450365e+01  2.290868e+07  1.081834e+00 
 2.344229e+07  2.423162e+01  2.344229e+07  1.036131e+00 
 2.398833e+07  2.394625e+01  2.398833e+07  9.904865e-01 
 2.454709e+07  2.364761e+01  2.454709e+07  9.449683e-01 
 2.511886e+07  2.333581e+01  2.511886e+07  8.996410e-01 
 2.570396e+07  2.301100e+01  2.570396e+07  8.545668e-01 
 2.630268e+07  2.267333e+01  2.630268e+07  8.098051e-01 
 2.691535e+07  2.232300e+01  2.691535e+07  7.654132e-01 
 2.754229e+07  2.196020e+01  2.754229e+07  7.214456e-01 
 2.818383e+07  2.158516e+01  2.818383e+07  6.779549e-01 
 2.884032e+07  2.119810e+01  2.884032e+07  6.349915e-01 
 2.951209e+07  2.079927e+01  2.951209e+07  5.926041e-01 
 3.019952e+07  2.038892e+01  3.019952e+07  5.508402e-01 
 3.090295e+07  1.996731e+01  3.090295e+07  5.097459e-01 
 3.162278e+07  1.953470e+01  3.162278e+07  4.693667e-01 
 3.235937e+07  1.909140e+01  3.235937e+07  4.297472e-01 
 3.311311e+07  1.863768e+01  3.311311e+07  3.909315e-01 
 3.388442e+07  1.817388e+01  3.388442e+07  3.529630e-01 
 3.467369e+07  1.770032e+01  3.467369e+07  3.158848e-01 
 3.548134e+07  1.721736e+01  3.548134e+07  2.797387e-01 
 3.630781e+07  1.672539e+01  3.630781e+07  2.445660e-01 
 3.715352e+07  1.622482e+01  3.715352e+07  2.104062e-01 
 3.801894e+07  1.571608e+01  3.801894e+07  1.772973e-01 
 3.890451e+07  1.519963e+01  3.890451e+07  1.452751e-01 
 3.981072e+07  1.467596e+01  3.981072e+07  1.143726e-01 
 4.073803e+07  1.414560e+01  4.073803e+07  8.461986e-02 
 4.168694e+07  1.360909e+01  4.168694e+07  5.604317e-02 
 4.265795e+07  1.306699e+01  4.265795e+07  2.866481e-02 
 4.365158e+07  1.251989e+01  4.365158e+07  2.502574e-03 
 4.466836e+07  1.196840e+01  4.466836e+07 -2.243058e-02 
 4.570882e+07  1.141312e+01  4.570882e+07 -4.612682e-02 
 4.677351e+07  1.085468e+01  4.677351e+07 -6.858363e-02 
 4.786301e+07  1.029368e+01  4.786301e+07 -8.980394e-02 
 4.897788e+07  9.730765e+00  4.897788e+07 -1.097962e-01 
 5.011872e+07  9.166522e+00  5.011872e+07 -1.285741e-01 
 5.128614e+07  8.601552e+00  5.128614e+07 -1.461569e-01 
 5.248075e+07  8.036426e+00  5.248075e+07 -1.625688e-01 
 5.370318e+07  7.471698e+00  5.370318e+07 -1.778386e-01 
 5.495409e+07  6.907890e+00  5.495409e+07 -1.919998e-01 
 5.623413e+07  6.345495e+00  5.623413e+07 -2.050898e-01 
 5.754399e+07  5.784972e+00  5.754399e+07 -2.171496e-01 
 5.888437e+07  5.226744e+00  5.888437e+07 -2.282232e-01 
 6.025596e+07  4.671195e+00  6.025596e+07 -2.383575e-01 
 6.165950e+07  4.118672e+00  6.165950e+07 -2.476014e-01 
 6.309573e+07  3.569479e+00  6.309573e+07 -2.560052e-01 
 6.456542e+07  3.023881e+00  6.456542e+07 -2.636205e-01 
 6.606934e+07  2.482106e+00  6.606934e+07 -2.704997e-01 
 6.760830e+07  1.944338e+00  6.760830e+07 -2.766952e-01 
 6.918310e+07  1.410728e+00  6.918310e+07 -2.822591e-01 
 7.079458e+07  8.813895e-01  7.079458e+07 -2.872431e-01 
 7.244360e+07  3.564008e-01  7.244360e+07 -2.916978e-01 
 7.413102e+07 -1.641902e-01  7.413102e+07 -2.956725e-01 
 7.585776e+07 -6.803654e-01  7.585776e+07 -2.992152e-01 
 7.762471e+07 -1.192134e+00  7.762471e+07 -3.023718e-01 
 7.943282e+07 -1.699529e+00  7.943282e+07 -3.051867e-01 
 8.128305e+07 -2.202606e+00  8.128305e+07 -3.077017e-01 
 8.317638e+07 -2.701440e+00  8.317638e+07 -3.099569e-01 
 8.511380e+07 -3.196122e+00  8.511380e+07 -3.119899e-01 
 8.709636e+07 -3.686758e+00  8.709636e+07 -3.138361e-01 
 8.912509e+07 -4.173466e+00  8.912509e+07 -3.155286e-01 
 9.120108e+07 -4.656374e+00  9.120108e+07 -3.170984e-01 
 9.332543e+07 -5.135618e+00  9.332543e+07 -3.185740e-01 
 9.549926e+07 -5.611341e+00  9.549926e+07 -3.199821e-01 
 9.772372e+07 -6.083688e+00  9.772372e+07 -3.213470e-01 
 1.000000e+08 -6.552810e+00  1.000000e+08 -3.226911e-01 
 1.023293e+08 -7.018858e+00  1.023293e+08 -3.240352e-01 
 1.047129e+08 -7.481984e+00  1.047129e+08 -3.253980e-01 
 1.071519e+08 -7.942340e+00  1.071519e+08 -3.267966e-01 
 1.096478e+08 -8.400075e+00  1.096478e+08 -3.282465e-01 
 1.122018e+08 -8.855339e+00  1.122018e+08 -3.297620e-01 
 1.148154e+08 -9.308276e+00  1.148154e+08 -3.313557e-01 
 1.174898e+08 -9.759029e+00  1.174898e+08 -3.330392e-01 
 1.202264e+08 -1.020774e+01  1.202264e+08 -3.348228e-01 
 1.230269e+08 -1.065454e+01  1.230269e+08 -3.367160e-01 
 1.258925e+08 -1.109956e+01  1.258925e+08 -3.387270e-01 
 1.288250e+08 -1.154293e+01  1.288250e+08 -3.408634e-01 
 1.318257e+08 -1.198477e+01  1.318257e+08 -3.431320e-01 
 1.348963e+08 -1.242521e+01  1.348963e+08 -3.455387e-01 
 1.380384e+08 -1.286435e+01  1.380384e+08 -3.480890e-01 
 1.412538e+08 -1.330231e+01  1.412538e+08 -3.507877e-01 
 1.445440e+08 -1.373920e+01  1.445440e+08 -3.536392e-01 
 1.479108e+08 -1.417511e+01  1.479108e+08 -3.566472e-01 
 1.513561e+08 -1.461015e+01  1.513561e+08 -3.598151e-01 
 1.548817e+08 -1.504441e+01  1.548817e+08 -3.631462e-01 
 1.584893e+08 -1.547799e+01  1.584893e+08 -3.666431e-01 
 1.621810e+08 -1.591098e+01  1.621810e+08 -3.703083e-01 
 1.659587e+08 -1.634346e+01  1.659587e+08 -3.741440e-01 
 1.698244e+08 -1.677552e+01  1.698244e+08 -3.781521e-01 
 1.737801e+08 -1.720723e+01  1.737801e+08 -3.823345e-01 
 1.778279e+08 -1.763868e+01  1.778279e+08 -3.866927e-01 
 1.819701e+08 -1.806995e+01  1.819701e+08 -3.912280e-01 
 1.862087e+08 -1.850110e+01  1.862087e+08 -3.959419e-01 
 1.905461e+08 -1.893221e+01  1.905461e+08 -4.008353e-01 
 1.949845e+08 -1.936335e+01  1.949845e+08 -4.059093e-01 
 1.995262e+08 -1.979459e+01  1.995262e+08 -4.111647e-01 
 2.041738e+08 -2.022600e+01  2.041738e+08 -4.166024e-01 
 2.089296e+08 -2.065764e+01  2.089296e+08 -4.222229e-01 
 2.137962e+08 -2.108958e+01  2.137962e+08 -4.280269e-01 
 2.187762e+08 -2.152189e+01  2.187762e+08 -4.340147e-01 
 2.238721e+08 -2.195462e+01  2.238721e+08 -4.401868e-01 
 2.290868e+08 -2.238784e+01  2.290868e+08 -4.465434e-01 
 2.344229e+08 -2.282162e+01  2.344229e+08 -4.530846e-01 
 2.398833e+08 -2.325600e+01  2.398833e+08 -4.598105e-01 
 2.454709e+08 -2.369106e+01  2.454709e+08 -4.667211e-01 
 2.511886e+08 -2.412686e+01  2.511886e+08 -4.738162e-01 
 2.570396e+08 -2.456344e+01  2.570396e+08 -4.810955e-01 
 2.630268e+08 -2.500088e+01  2.630268e+08 -4.885586e-01 
 2.691535e+08 -2.543923e+01  2.691535e+08 -4.962050e-01 
 2.754229e+08 -2.587855e+01  2.754229e+08 -5.040341e-01 
 2.818383e+08 -2.631891e+01  2.818383e+08 -5.120450e-01 
 2.884032e+08 -2.676035e+01  2.884032e+08 -5.202369e-01 
 2.951209e+08 -2.720293e+01  2.951209e+08 -5.286087e-01 
 3.019952e+08 -2.764673e+01  3.019952e+08 -5.371590e-01 
 3.090295e+08 -2.809178e+01  3.090295e+08 -5.458866e-01 
 3.162278e+08 -2.853815e+01  3.162278e+08 -5.547899e-01 
 3.235937e+08 -2.898591e+01  3.235937e+08 -5.638671e-01 
 3.311311e+08 -2.943509e+01  3.311311e+08 -5.731163e-01 
 3.388442e+08 -2.988577e+01  3.388442e+08 -5.825353e-01 
 3.467369e+08 -3.033800e+01  3.467369e+08 -5.921218e-01 
 3.548134e+08 -3.079184e+01  3.548134e+08 -6.018733e-01 
 3.630781e+08 -3.124733e+01  3.630781e+08 -6.117871e-01 
 3.715352e+08 -3.170454e+01  3.715352e+08 -6.218602e-01 
 3.801894e+08 -3.216352e+01  3.801894e+08 -6.320894e-01 
 3.890451e+08 -3.262432e+01  3.890451e+08 -6.424714e-01 
 3.981072e+08 -3.308700e+01  3.981072e+08 -6.530025e-01 
 4.073803e+08 -3.355162e+01  4.073803e+08 -6.636788e-01 
 4.168694e+08 -3.401821e+01  4.168694e+08 -6.744963e-01 
 4.265795e+08 -3.448683e+01  4.265795e+08 -6.854507e-01 
 4.365158e+08 -3.495754e+01  4.365158e+08 -6.965374e-01 
 4.466836e+08 -3.543037e+01  4.466836e+08 -7.077517e-01 
 4.570882e+08 -3.590538e+01  4.570882e+08 -7.190885e-01 
 4.677351e+08 -3.638262e+01  4.677351e+08 -7.305426e-01 
 4.786301e+08 -3.686211e+01  4.786301e+08 -7.421086e-01 
 4.897788e+08 -3.734391e+01  4.897788e+08 -7.537808e-01 
 5.011872e+08 -3.782806e+01  5.011872e+08 -7.655532e-01 
 5.128614e+08 -3.831459e+01  5.128614e+08 -7.774198e-01 
 5.248075e+08 -3.880355e+01  5.248075e+08 -7.893744e-01 
 5.370318e+08 -3.929496e+01  5.370318e+08 -8.014103e-01 
 5.495409e+08 -3.978885e+01  5.495409e+08 -8.135210e-01 
 5.623413e+08 -4.028527e+01  5.623413e+08 -8.256995e-01 
 5.754399e+08 -4.078423e+01  5.754399e+08 -8.379389e-01 
 5.888437e+08 -4.128575e+01  5.888437e+08 -8.502321e-01 
 6.025596e+08 -4.178987e+01  6.025596e+08 -8.625716e-01 
 6.165950e+08 -4.229661e+01  6.165950e+08 -8.749502e-01 
 6.309573e+08 -4.280597e+01  6.309573e+08 -8.873602e-01 
 6.456542e+08 -4.331798e+01  6.456542e+08 -8.997939e-01 
 6.606934e+08 -4.383264e+01  6.606934e+08 -9.122438e-01 
 6.760830e+08 -4.434997e+01  6.760830e+08 -9.247019e-01 
 6.918310e+08 -4.486997e+01  6.918310e+08 -9.371604e-01 
 7.079458e+08 -4.539264e+01  7.079458e+08 -9.496113e-01 
 7.244360e+08 -4.591800e+01  7.244360e+08 -9.620468e-01 
 7.413102e+08 -4.644602e+01  7.413102e+08 -9.744587e-01 
 7.585776e+08 -4.697672e+01  7.585776e+08 -9.868393e-01 
 7.762471e+08 -4.751008e+01  7.762471e+08 -9.991804e-01 
 7.943282e+08 -4.804608e+01  7.943282e+08 -1.011474e+00 
 8.128305e+08 -4.858473e+01  8.128305e+08 -1.023713e+00 
 8.317638e+08 -4.912600e+01  8.317638e+08 -1.035888e+00 
 8.511380e+08 -4.966987e+01  8.511380e+08 -1.047992e+00 
 8.709636e+08 -5.021632e+01  8.709636e+08 -1.060018e+00 
 8.912509e+08 -5.076533e+01  8.912509e+08 -1.071957e+00 
 9.120108e+08 -5.131686e+01  9.120108e+08 -1.083802e+00 
 9.332543e+08 -5.187090e+01  9.332543e+08 -1.095546e+00 
 9.549926e+08 -5.242740e+01  9.549926e+08 -1.107181e+00 
 9.772372e+08 -5.298634e+01  9.772372e+08 -1.118700e+00 
 1.000000e+09 -5.354767e+01  1.000000e+09 -1.130096e+00 
 1.023293e+09 -5.411135e+01  1.023293e+09 -1.141361e+00 
 1.047129e+09 -5.467735e+01  1.047129e+09 -1.152490e+00 
 1.071519e+09 -5.524562e+01  1.071519e+09 -1.163475e+00 
 1.096478e+09 -5.581610e+01  1.096478e+09 -1.174310e+00 
 1.122018e+09 -5.638876e+01  1.122018e+09 -1.184988e+00 
 1.148154e+09 -5.696354e+01  1.148154e+09 -1.195504e+00 
 1.174898e+09 -5.754038e+01  1.174898e+09 -1.205851e+00 
 1.202264e+09 -5.811923e+01  1.202264e+09 -1.216024e+00 
 1.230269e+09 -5.870003e+01  1.230269e+09 -1.226017e+00 
 1.258925e+09 -5.928272e+01  1.258925e+09 -1.235825e+00 
 1.288250e+09 -5.986723e+01  1.288250e+09 -1.245443e+00 
 1.318257e+09 -6.045351e+01  1.318257e+09 -1.254865e+00 
 1.348963e+09 -6.104148e+01  1.348963e+09 -1.264088e+00 
 1.380384e+09 -6.163108e+01  1.380384e+09 -1.273106e+00 
 1.412538e+09 -6.222223e+01  1.412538e+09 -1.281916e+00 
 1.445440e+09 -6.281487e+01  1.445440e+09 -1.290514e+00 
 1.479108e+09 -6.340891e+01  1.479108e+09 -1.298897e+00 
 1.513561e+09 -6.400428e+01  1.513561e+09 -1.307060e+00 
 1.548817e+09 -6.460090e+01  1.548817e+09 -1.315002e+00 
 1.584893e+09 -6.519870e+01  1.584893e+09 -1.322719e+00 
 1.621810e+09 -6.579759e+01  1.621810e+09 -1.330209e+00 
 1.659587e+09 -6.639749e+01  1.659587e+09 -1.337470e+00 
 1.698244e+09 -6.699831e+01  1.698244e+09 -1.344501e+00 
 1.737801e+09 -6.759997e+01  1.737801e+09 -1.351301e+00 
 1.778279e+09 -6.820239e+01  1.778279e+09 -1.357868e+00 
 1.819701e+09 -6.880547e+01  1.819701e+09 -1.364201e+00 
 1.862087e+09 -6.940912e+01  1.862087e+09 -1.370302e+00 
 1.905461e+09 -7.001326e+01  1.905461e+09 -1.376169e+00 
 1.949845e+09 -7.061780e+01  1.949845e+09 -1.381805e+00 
 1.995262e+09 -7.122265e+01  1.995262e+09 -1.387209e+00 
 2.041738e+09 -7.182771e+01  2.041738e+09 -1.392383e+00 
 2.089296e+09 -7.243289e+01  2.089296e+09 -1.397330e+00 
 2.137962e+09 -7.303810e+01  2.137962e+09 -1.402051e+00 
 2.187762e+09 -7.364326e+01  2.187762e+09 -1.406550e+00 
 2.238721e+09 -7.424826e+01  2.238721e+09 -1.410830e+00 
 2.290868e+09 -7.485302e+01  2.290868e+09 -1.414893e+00 
 2.344229e+09 -7.545745e+01  2.344229e+09 -1.418745e+00 
 2.398833e+09 -7.606146e+01  2.398833e+09 -1.422390e+00 
 2.454709e+09 -7.666497e+01  2.454709e+09 -1.425833e+00 
 2.511886e+09 -7.726787e+01  2.511886e+09 -1.429080e+00 
 2.570396e+09 -7.787009e+01  2.570396e+09 -1.432135e+00 
 2.630268e+09 -7.847155e+01  2.630268e+09 -1.435006e+00 
 2.691535e+09 -7.907215e+01  2.691535e+09 -1.437698e+00 
 2.754229e+09 -7.967182e+01  2.754229e+09 -1.440220e+00 
 2.818383e+09 -8.027049e+01  2.818383e+09 -1.442578e+00 
 2.884032e+09 -8.086806e+01  2.884032e+09 -1.444781e+00 
 2.951209e+09 -8.146448e+01  2.951209e+09 -1.446836e+00 
 3.019952e+09 -8.205966e+01  3.019952e+09 -1.448752e+00 
 3.090295e+09 -8.265353e+01  3.090295e+09 -1.450538e+00 
 3.162278e+09 -8.324603e+01  3.162278e+09 -1.452203e+00 
 3.235937e+09 -8.383710e+01  3.235937e+09 -1.453757e+00 
 3.311311e+09 -8.442667e+01  3.311311e+09 -1.455209e+00 
 3.388442e+09 -8.501468e+01  3.388442e+09 -1.456570e+00 
 3.467369e+09 -8.560108e+01  3.467369e+09 -1.457849e+00 
 3.548134e+09 -8.618581e+01  3.548134e+09 -1.459058e+00 
 3.630781e+09 -8.676883e+01  3.630781e+09 -1.460208e+00 
 3.715352e+09 -8.735009e+01  3.715352e+09 -1.461309e+00 
 3.801894e+09 -8.792955e+01  3.801894e+09 -1.462372e+00 
 3.890451e+09 -8.850717e+01  3.890451e+09 -1.463410e+00 
 3.981072e+09 -8.908291e+01  3.981072e+09 -1.464433e+00 
 4.073803e+09 -8.965674e+01  4.073803e+09 -1.465453e+00 
 4.168694e+09 -9.022863e+01  4.168694e+09 -1.466482e+00 
 4.265795e+09 -9.079856e+01  4.265795e+09 -1.467532e+00 
 4.365158e+09 -9.136651e+01  4.365158e+09 -1.468614e+00 
 4.466836e+09 -9.193246e+01  4.466836e+09 -1.469740e+00 
 4.570882e+09 -9.249640e+01  4.570882e+09 -1.470923e+00 
 4.677351e+09 -9.305831e+01  4.677351e+09 -1.472174e+00 
 4.786301e+09 -9.361819e+01  4.786301e+09 -1.473506e+00 
 4.897788e+09 -9.417603e+01  4.897788e+09 -1.474929e+00 
 5.011872e+09 -9.473184e+01  5.011872e+09 -1.476456e+00 
 5.128614e+09 -9.528562e+01  5.128614e+09 -1.478097e+00 
 5.248075e+09 -9.583738e+01  5.248075e+09 -1.479866e+00 
 5.370318e+09 -9.638712e+01  5.370318e+09 -1.481772e+00 
 5.495409e+09 -9.693487e+01  5.495409e+09 -1.483828e+00 
 5.623413e+09 -9.748064e+01  5.623413e+09 -1.486043e+00 
 5.754399e+09 -9.802444e+01  5.754399e+09 -1.488428e+00 
 5.888437e+09 -9.856631e+01  5.888437e+09 -1.490995e+00 
 6.025596e+09 -9.910626e+01  6.025596e+09 -1.493753e+00 
 6.165950e+09 -9.964433e+01  6.165950e+09 -1.496711e+00 
 6.309573e+09 -1.001805e+02  6.309573e+09 -1.499879e+00 
 6.456542e+09 -1.007149e+02  6.456542e+09 -1.503267e+00 
 6.606934e+09 -1.012476e+02  6.606934e+09 -1.506883e+00 
 6.760830e+09 -1.017784e+02  6.760830e+09 -1.510735e+00 
 6.918310e+09 -1.023076e+02  6.918310e+09 -1.514830e+00 
 7.079458e+09 -1.028351e+02  7.079458e+09 -1.519178e+00 
 7.244360e+09 -1.033610e+02  7.244360e+09 -1.523784e+00 
 7.413102e+09 -1.038853e+02  7.413102e+09 -1.528655e+00 
 7.585776e+09 -1.044080e+02  7.585776e+09 -1.533796e+00 
 7.762471e+09 -1.049293e+02  7.762471e+09 -1.539214e+00 
 7.943282e+09 -1.054491e+02  7.943282e+09 -1.544914e+00 
 8.128305e+09 -1.059675e+02  8.128305e+09 -1.550899e+00 
 8.317638e+09 -1.064846e+02  8.317638e+09 -1.557173e+00 
 8.511380e+09 -1.070004e+02  8.511380e+09 -1.563740e+00 
 8.709636e+09 -1.075149e+02  8.709636e+09 -1.570603e+00 
 8.912509e+09 -1.080281e+02  8.912509e+09 -1.577764e+00 
 9.120108e+09 -1.085403e+02  9.120108e+09 -1.585223e+00 
 9.332543e+09 -1.090512e+02  9.332543e+09 -1.592983e+00 
 9.549926e+09 -1.095611e+02  9.549926e+09 -1.601044e+00 
 9.772372e+09 -1.100699e+02  9.772372e+09 -1.609406e+00 
 1.000000e+10 -1.105777e+02  1.000000e+10 -1.618067e+00 
 1.023293e+10 -1.110846e+02  1.023293e+10 -1.627027e+00 
 1.047129e+10 -1.115905e+02  1.047129e+10 -1.636283e+00 
 1.071519e+10 -1.120954e+02  1.071519e+10 -1.645834e+00 
 1.096478e+10 -1.125995e+02  1.096478e+10 -1.655677e+00 
 1.122018e+10 -1.131027e+02  1.122018e+10 -1.665808e+00 
 1.148154e+10 -1.136051e+02  1.148154e+10 -1.676223e+00 
 1.174898e+10 -1.141066e+02  1.174898e+10 -1.686918e+00 
 1.202264e+10 -1.146074e+02  1.202264e+10 -1.697887e+00 
 1.230269e+10 -1.151073e+02  1.230269e+10 -1.709126e+00 
 1.258925e+10 -1.156065e+02  1.258925e+10 -1.720629e+00 
 1.288250e+10 -1.161049e+02  1.288250e+10 -1.732390e+00 
 1.318257e+10 -1.166025e+02  1.318257e+10 -1.744401e+00 
 1.348963e+10 -1.170994e+02  1.348963e+10 -1.756656e+00 
 1.380384e+10 -1.175955e+02  1.380384e+10 -1.769148e+00 
 1.412538e+10 -1.180908e+02  1.412538e+10 -1.781868e+00 
 1.445440e+10 -1.185854e+02  1.445440e+10 -1.794809e+00 
 1.479108e+10 -1.190791e+02  1.479108e+10 -1.807962e+00 
 1.513561e+10 -1.195721e+02  1.513561e+10 -1.821319e+00 
 1.548817e+10 -1.200643e+02  1.548817e+10 -1.834870e+00 
 1.584893e+10 -1.205556e+02  1.584893e+10 -1.848607e+00 
 1.621810e+10 -1.210461e+02  1.621810e+10 -1.862520e+00 
 1.659587e+10 -1.215357e+02  1.659587e+10 -1.876599e+00 
 1.698244e+10 -1.220244e+02  1.698244e+10 -1.890836e+00 
 1.737801e+10 -1.225122e+02  1.737801e+10 -1.905219e+00 
 1.778279e+10 -1.229991e+02  1.778279e+10 -1.919740e+00 
 1.819701e+10 -1.234851e+02  1.819701e+10 -1.934387e+00 
 1.862087e+10 -1.239700e+02  1.862087e+10 -1.949151e+00 
 1.905461e+10 -1.244539e+02  1.905461e+10 -1.964022e+00 
 1.949845e+10 -1.249368e+02  1.949845e+10 -1.978989e+00 
 1.995262e+10 -1.254186e+02  1.995262e+10 -1.994042e+00 
 2.041738e+10 -1.258993e+02  2.041738e+10 -2.009170e+00 
 2.089296e+10 -1.263789e+02  2.089296e+10 -2.024364e+00 
 2.137962e+10 -1.268573e+02  2.137962e+10 -2.039612e+00 
 2.187762e+10 -1.273345e+02  2.187762e+10 -2.054906e+00 
 2.238721e+10 -1.278106e+02  2.238721e+10 -2.070234e+00 
 2.290868e+10 -1.282854e+02  2.290868e+10 -2.085588e+00 
 2.344229e+10 -1.287589e+02  2.344229e+10 -2.100956e+00 
 2.398833e+10 -1.292312e+02  2.398833e+10 -2.116329e+00 
 2.454709e+10 -1.297022e+02  2.454709e+10 -2.131698e+00 
 2.511886e+10 -1.301718e+02  2.511886e+10 -2.147053e+00 
 2.570396e+10 -1.306401e+02  2.570396e+10 -2.162385e+00 
 2.630268e+10 -1.311071e+02  2.630268e+10 -2.177685e+00 
 2.691535e+10 -1.315727e+02  2.691535e+10 -2.192943e+00 
 2.754229e+10 -1.320369e+02  2.754229e+10 -2.208152e+00 
 2.818383e+10 -1.324998e+02  2.818383e+10 -2.223303e+00 
 2.884032e+10 -1.329612e+02  2.884032e+10 -2.238387e+00 
 2.951209e+10 -1.334213e+02  2.951209e+10 -2.253397e+00 
 3.019952e+10 -1.338799e+02  3.019952e+10 -2.268326e+00 
 3.090295e+10 -1.343372e+02  3.090295e+10 -2.283165e+00 
 3.162278e+10 -1.347930e+02  3.162278e+10 -2.297909e+00 
 3.235937e+10 -1.352474e+02  3.235937e+10 -2.312549e+00 
 3.311311e+10 -1.357004e+02  3.311311e+10 -2.327080e+00 
 3.388442e+10 -1.361520e+02  3.388442e+10 -2.341495e+00 
 3.467369e+10 -1.366023e+02  3.467369e+10 -2.355789e+00 
 3.548134e+10 -1.370511e+02  3.548134e+10 -2.369955e+00 
 3.630781e+10 -1.374986e+02  3.630781e+10 -2.383990e+00 
 3.715352e+10 -1.379448e+02  3.715352e+10 -2.397887e+00 
 3.801894e+10 -1.383895e+02  3.801894e+10 -2.411642e+00 
 3.890451e+10 -1.388330e+02  3.890451e+10 -2.425250e+00 
 3.981072e+10 -1.392752e+02  3.981072e+10 -2.438709e+00 
 4.073803e+10 -1.397160e+02  4.073803e+10 -2.452013e+00 
 4.168694e+10 -1.401556e+02  4.168694e+10 -2.465160e+00 
 4.265795e+10 -1.405940e+02  4.265795e+10 -2.478146e+00 
 4.365158e+10 -1.410311e+02  4.365158e+10 -2.490969e+00 
 4.466836e+10 -1.414670e+02  4.466836e+10 -2.503625e+00 
 4.570882e+10 -1.419018e+02  4.570882e+10 -2.516113e+00 
 4.677351e+10 -1.423354e+02  4.677351e+10 -2.528431e+00 
 4.786301e+10 -1.427678e+02  4.786301e+10 -2.540577e+00 
 4.897788e+10 -1.431991e+02  4.897788e+10 -2.552549e+00 
 5.011872e+10 -1.436294e+02  5.011872e+10 -2.564346e+00 
 5.128614e+10 -1.440586e+02  5.128614e+10 -2.575968e+00 
 5.248075e+10 -1.444868e+02  5.248075e+10 -2.587412e+00 
 5.370318e+10 -1.449139e+02  5.370318e+10 -2.598679e+00 
 5.495409e+10 -1.453401e+02  5.495409e+10 -2.609769e+00 
 5.623413e+10 -1.457653e+02  5.623413e+10 -2.620680e+00 
 5.754399e+10 -1.461896e+02  5.754399e+10 -2.631414e+00 
 5.888437e+10 -1.466130e+02  5.888437e+10 -2.641971e+00 
 6.025596e+10 -1.470356e+02  6.025596e+10 -2.652350e+00 
 6.165950e+10 -1.474573e+02  6.165950e+10 -2.662552e+00 
 6.309573e+10 -1.478781e+02  6.309573e+10 -2.672578e+00 
 6.456542e+10 -1.482982e+02  6.456542e+10 -2.682430e+00 
 6.606934e+10 -1.487175e+02  6.606934e+10 -2.692107e+00 
 6.760830e+10 -1.491360e+02  6.760830e+10 -2.701611e+00 
 6.918310e+10 -1.495538e+02  6.918310e+10 -2.710943e+00 
 7.079458e+10 -1.499710e+02  7.079458e+10 -2.720105e+00 
 7.244360e+10 -1.503874e+02  7.244360e+10 -2.729097e+00 
 7.413102e+10 -1.508032e+02  7.413102e+10 -2.737922e+00 
 7.585776e+10 -1.512184e+02  7.585776e+10 -2.746582e+00 
 7.762471e+10 -1.516329e+02  7.762471e+10 -2.755077e+00 
 7.943282e+10 -1.520469e+02  7.943282e+10 -2.763410e+00 
 8.128305e+10 -1.524603e+02  8.128305e+10 -2.771582e+00 
 8.317638e+10 -1.528731e+02  8.317638e+10 -2.779595e+00 
 8.511380e+10 -1.532855e+02  8.511380e+10 -2.787452e+00 
 8.709636e+10 -1.536973e+02  8.709636e+10 -2.795154e+00 
 8.912509e+10 -1.541086e+02  8.912509e+10 -2.802704e+00 
 9.120108e+10 -1.545195e+02  9.120108e+10 -2.810103e+00 
 9.332543e+10 -1.549299e+02  9.332543e+10 -2.817354e+00 
 9.549926e+10 -1.553399e+02  9.549926e+10 -2.824458e+00 
 9.772372e+10 -1.557494e+02  9.772372e+10 -2.831418e+00 
 1.000000e+11 -1.561586e+02  1.000000e+11 -2.838237e+00 
