 1.000000e+00 -4.028741e+01  1.000000e+00  3.104904e+00 
 1.023293e+00 -3.986306e+01  1.023293e+00  3.104445e+00 
 1.047129e+00 -3.943988e+01  1.047129e+00  3.103966e+00 
 1.071519e+00 -3.901784e+01  1.071519e+00  3.103465e+00 
 1.096478e+00 -3.859685e+01  1.096478e+00  3.102942e+00 
 1.122018e+00 -3.817689e+01  1.122018e+00  3.102398e+00 
 1.148154e+00 -3.775789e+01  1.148154e+00  3.101832e+00 
 1.174898e+00 -3.733981e+01  1.174898e+00  3.101244e+00 
 1.202264e+00 -3.692260e+01  1.202264e+00  3.100634e+00 
 1.230269e+00 -3.650623e+01  1.230269e+00  3.100001e+00 
 1.258925e+00 -3.609065e+01  1.258925e+00  3.099346e+00 
 1.288250e+00 -3.567582e+01  1.288250e+00  3.098667e+00 
 1.318257e+00 -3.526172e+01  1.318257e+00  3.097966e+00 
 1.348963e+00 -3.484830e+01  1.348963e+00  3.097241e+00 
 1.380384e+00 -3.443554e+01  1.380384e+00  3.096492e+00 
 1.412538e+00 -3.402340e+01  1.412538e+00  3.095719e+00 
 1.445440e+00 -3.361186e+01  1.445440e+00  3.094922e+00 
 1.479108e+00 -3.320089e+01  1.479108e+00  3.094100e+00 
 1.513561e+00 -3.279047e+01  1.513561e+00  3.093253e+00 
 1.548817e+00 -3.238056e+01  1.548817e+00  3.092380e+00 
 1.584893e+00 -3.197114e+01  1.584893e+00  3.091481e+00 
 1.621810e+00 -3.156221e+01  1.621810e+00  3.090556e+00 
 1.659587e+00 -3.115372e+01  1.659587e+00  3.089604e+00 
 1.698244e+00 -3.074567e+01  1.698244e+00  3.088624e+00 
 1.737801e+00 -3.033804e+01  1.737801e+00  3.087617e+00 
 1.778279e+00 -2.993080e+01  1.778279e+00  3.086581e+00 
 1.819701e+00 -2.952394e+01  1.819701e+00  3.085517e+00 
 1.862087e+00 -2.911745e+01  1.862087e+00  3.084423e+00 
 1.905461e+00 -2.871131e+01  1.905461e+00  3.083299e+00 
 1.949845e+00 -2.830550e+01  1.949845e+00  3.082145e+00 
 1.995262e+00 -2.790002e+01  1.995262e+00  3.080960e+00 
 2.041738e+00 -2.749485e+01  2.041738e+00  3.079743e+00 
 2.089296e+00 -2.708998e+01  2.089296e+00  3.078494e+00 
 2.137962e+00 -2.668539e+01  2.137962e+00  3.077212e+00 
 2.187762e+00 -2.628108e+01  2.187762e+00  3.075896e+00 
 2.238721e+00 -2.587704e+01  2.238721e+00  3.074546e+00 
 2.290868e+00 -2.547325e+01  2.290868e+00  3.073161e+00 
 2.344229e+00 -2.506972e+01  2.344229e+00  3.071741e+00 
 2.398833e+00 -2.466643e+01  2.398833e+00  3.070284e+00 
 2.454709e+00 -2.426337e+01  2.454709e+00  3.068790e+00 
 2.511886e+00 -2.386053e+01  2.511886e+00  3.067258e+00 
 2.570396e+00 -2.345792e+01  2.570396e+00  3.065688e+00 
 2.630268e+00 -2.305552e+01  2.630268e+00  3.064078e+00 
 2.691535e+00 -2.265333e+01  2.691535e+00  3.062427e+00 
 2.754229e+00 -2.225134e+01  2.754229e+00  3.060736e+00 
 2.818383e+00 -2.184956e+01  2.818383e+00  3.059003e+00 
 2.884032e+00 -2.144796e+01  2.884032e+00  3.057227e+00 
 2.951209e+00 -2.104656e+01  2.951209e+00  3.055407e+00 
 3.019952e+00 -2.064535e+01  3.019952e+00  3.053542e+00 
 3.090295e+00 -2.024432e+01  3.090295e+00  3.051632e+00 
 3.162278e+00 -1.984347e+01  3.162278e+00  3.049675e+00 
 3.235937e+00 -1.944280e+01  3.235937e+00  3.047671e+00 
 3.311311e+00 -1.904231e+01  3.311311e+00  3.045618e+00 
 3.388442e+00 -1.864200e+01  3.388442e+00  3.043516e+00 
 3.467369e+00 -1.824187e+01  3.467369e+00  3.041363e+00 
 3.548134e+00 -1.784191e+01  3.548134e+00  3.039158e+00 
 3.630781e+00 -1.744212e+01  3.630781e+00  3.036901e+00 
 3.715352e+00 -1.704252e+01  3.715352e+00  3.034589e+00 
 3.801894e+00 -1.664308e+01  3.801894e+00  3.032223e+00 
 3.890451e+00 -1.624383e+01  3.890451e+00  3.029801e+00 
 3.981072e+00 -1.584475e+01  3.981072e+00  3.027321e+00 
 4.073803e+00 -1.544586e+01  4.073803e+00  3.024783e+00 
 4.168694e+00 -1.504714e+01  4.168694e+00  3.022185e+00 
 4.265795e+00 -1.464861e+01  4.265795e+00  3.019526e+00 
 4.365158e+00 -1.425027e+01  4.365158e+00  3.016804e+00 
 4.466836e+00 -1.385212e+01  4.466836e+00  3.014020e+00 
 4.570882e+00 -1.345416e+01  4.570882e+00  3.011170e+00 
 4.677351e+00 -1.305640e+01  4.677351e+00  3.008254e+00 
 4.786301e+00 -1.265884e+01  4.786301e+00  3.005271e+00 
 4.897788e+00 -1.226149e+01  4.897788e+00  3.002219e+00 
 5.011872e+00 -1.186435e+01  5.011872e+00  2.999097e+00 
 5.128614e+00 -1.146743e+01  5.128614e+00  2.995903e+00 
 5.248075e+00 -1.107073e+01  5.248075e+00  2.992636e+00 
 5.370318e+00 -1.067426e+01  5.370318e+00  2.989294e+00 
 5.495409e+00 -1.027803e+01  5.495409e+00  2.985877e+00 
 5.623413e+00 -9.882048e+00  5.623413e+00  2.982381e+00 
 5.754399e+00 -9.486315e+00  5.754399e+00  2.978807e+00 
 5.888437e+00 -9.090841e+00  5.888437e+00  2.975152e+00 
 6.025596e+00 -8.695637e+00  6.025596e+00  2.971416e+00 
 6.165950e+00 -8.300711e+00  6.165950e+00  2.967595e+00 
 6.309573e+00 -7.906074e+00  6.309573e+00  2.963689e+00 
 6.456542e+00 -7.511734e+00  6.456542e+00  2.959697e+00 
 6.606934e+00 -7.117704e+00  6.606934e+00  2.955616e+00 
 6.760830e+00 -6.723994e+00  6.760830e+00  2.951445e+00 
 6.918310e+00 -6.330616e+00  6.918310e+00  2.947182e+00 
 7.079458e+00 -5.937583e+00  7.079458e+00  2.942825e+00 
 7.244360e+00 -5.544907e+00  7.244360e+00  2.938374e+00 
 7.413102e+00 -5.152604e+00  7.413102e+00  2.933826e+00 
 7.585776e+00 -4.760685e+00  7.585776e+00  2.929180e+00 
 7.762471e+00 -4.369168e+00  7.762471e+00  2.924434e+00 
 7.943282e+00 -3.978066e+00  7.943282e+00  2.919586e+00 
 8.128305e+00 -3.587397e+00  8.128305e+00  2.914635e+00 
 8.317638e+00 -3.197177e+00  8.317638e+00  2.909579e+00 
 8.511380e+00 -2.807424e+00  8.511380e+00  2.904416e+00 
 8.709636e+00 -2.418157e+00  8.709636e+00  2.899146e+00 
 8.912509e+00 -2.029393e+00  8.912509e+00  2.893765e+00 
 9.120108e+00 -1.641153e+00  9.120108e+00  2.888272e+00 
 9.332543e+00 -1.253458e+00  9.332543e+00  2.882667e+00 
 9.549926e+00 -8.663283e-01  9.549926e+00  2.876946e+00 
 9.772372e+00 -4.797864e-01  9.772372e+00  2.871110e+00 
 1.000000e+01 -9.385517e-02  1.000000e+01  2.865156e+00 
 1.023293e+01  2.914419e-01  1.023293e+01  2.859082e+00 
 1.047129e+01  6.760803e-01  1.047129e+01  2.852888e+00 
 1.071519e+01  1.060035e+00  1.071519e+01  2.846572e+00 
 1.096478e+01  1.443279e+00  1.096478e+01  2.840132e+00 
 1.122018e+01  1.825787e+00  1.122018e+01  2.833567e+00 
 1.148154e+01  2.207529e+00  1.148154e+01  2.826877e+00 
 1.174898e+01  2.588479e+00  1.174898e+01  2.820059e+00 
 1.202264e+01  2.968606e+00  1.202264e+01  2.813113e+00 
 1.230269e+01  3.347880e+00  1.230269e+01  2.806037e+00 
 1.258925e+01  3.726270e+00  1.258925e+01  2.798832e+00 
 1.288250e+01  4.103745e+00  1.288250e+01  2.791495e+00 
 1.318257e+01  4.480271e+00  1.318257e+01  2.784026e+00 
 1.348963e+01  4.855815e+00  1.348963e+01  2.776424e+00 
 1.380384e+01  5.230343e+00  1.380384e+01  2.768689e+00 
 1.412538e+01  5.603820e+00  1.412538e+01  2.760821e+00 
 1.445440e+01  5.976210e+00  1.445440e+01  2.752819e+00 
 1.479108e+01  6.347478e+00  1.479108e+01  2.744682e+00 
 1.513561e+01  6.717585e+00  1.513561e+01  2.736411e+00 
 1.548817e+01  7.086494e+00  1.548817e+01  2.728005e+00 
 1.584893e+01  7.454168e+00  1.584893e+01  2.719466e+00 
 1.621810e+01  7.820566e+00  1.621810e+01  2.710793e+00 
 1.659587e+01  8.185651e+00  1.659587e+01  2.701987e+00 
 1.698244e+01  8.549383e+00  1.698244e+01  2.693048e+00 
 1.737801e+01  8.911721e+00  1.737801e+01  2.683978e+00 
 1.778279e+01  9.272625e+00  1.778279e+01  2.674777e+00 
 1.819701e+01  9.632055e+00  1.819701e+01  2.665447e+00 
 1.862087e+01  9.989970e+00  1.862087e+01  2.655989e+00 
 1.905461e+01  1.034633e+01  1.905461e+01  2.646404e+00 
 1.949845e+01  1.070109e+01  1.949845e+01  2.636695e+00 
 1.995262e+01  1.105422e+01  1.995262e+01  2.626864e+00 
 2.041738e+01  1.140567e+01  2.041738e+01  2.616912e+00 
 2.089296e+01  1.175540e+01  2.089296e+01  2.606842e+00 
 2.137962e+01  1.210338e+01  2.137962e+01  2.596658e+00 
 2.187762e+01  1.244956e+01  2.187762e+01  2.586360e+00 
 2.238721e+01  1.279391e+01  2.238721e+01  2.575954e+00 
 2.290868e+01  1.313639e+01  2.290868e+01  2.565441e+00 
 2.344229e+01  1.347695e+01  2.344229e+01  2.554826e+00 
 2.398833e+01  1.381558e+01  2.398833e+01  2.544113e+00 
 2.454709e+01  1.415222e+01  2.454709e+01  2.533304e+00 
 2.511886e+01  1.448685e+01  2.511886e+01  2.522404e+00 
 2.570396e+01  1.481944e+01  2.570396e+01  2.511418e+00 
 2.630268e+01  1.514995e+01  2.630268e+01  2.500350e+00 
 2.691535e+01  1.547836e+01  2.691535e+01  2.489205e+00 
 2.754229e+01  1.580463e+01  2.754229e+01  2.477987e+00 
 2.818383e+01  1.612875e+01  2.818383e+01  2.466701e+00 
 2.884032e+01  1.645069e+01  2.884032e+01  2.455354e+00 
 2.951209e+01  1.677042e+01  2.951209e+01  2.443949e+00 
 3.019952e+01  1.708792e+01  3.019952e+01  2.432493e+00 
 3.090295e+01  1.740319e+01  3.090295e+01  2.420991e+00 
 3.162278e+01  1.771620e+01  3.162278e+01  2.409449e+00 
 3.235937e+01  1.802693e+01  3.235937e+01  2.397872e+00 
 3.311311e+01  1.833538e+01  3.311311e+01  2.386266e+00 
 3.388442e+01  1.864154e+01  3.388442e+01  2.374638e+00 
 3.467369e+01  1.894541e+01  3.467369e+01  2.362993e+00 
 3.548134e+01  1.924697e+01  3.548134e+01  2.351338e+00 
 3.630781e+01  1.954623e+01  3.630781e+01  2.339678e+00 
 3.715352e+01  1.984318e+01  3.715352e+01  2.328019e+00 
 3.801894e+01  2.013784e+01  3.801894e+01  2.316367e+00 
 3.890451e+01  2.043020e+01  3.890451e+01  2.304729e+00 
 3.981072e+01  2.072027e+01  3.981072e+01  2.293110e+00 
 4.073803e+01  2.100807e+01  4.073803e+01  2.281516e+00 
 4.168694e+01  2.129361e+01  4.168694e+01  2.269953e+00 
 4.265795e+01  2.157690e+01  4.265795e+01  2.258426e+00 
 4.365158e+01  2.185796e+01  4.365158e+01  2.246942e+00 
 4.466836e+01  2.213681e+01  4.466836e+01  2.235505e+00 
 4.570882e+01  2.241347e+01  4.570882e+01  2.224121e+00 
 4.677351e+01  2.268796e+01  4.677351e+01  2.212796e+00 
 4.786301e+01  2.296031e+01  4.786301e+01  2.201534e+00 
 4.897788e+01  2.323055e+01  4.897788e+01  2.190339e+00 
 5.011872e+01  2.349871e+01  5.011872e+01  2.179218e+00 
 5.128614e+01  2.376480e+01  5.128614e+01  2.168173e+00 
 5.248075e+01  2.402888e+01  5.248075e+01  2.157211e+00 
 5.370318e+01  2.429096e+01  5.370318e+01  2.146334e+00 
 5.495409e+01  2.455109e+01  5.495409e+01  2.135546e+00 
 5.623413e+01  2.480930e+01  5.623413e+01  2.124852e+00 
 5.754399e+01  2.506563e+01  5.754399e+01  2.114254e+00 
 5.888437e+01  2.532011e+01  5.888437e+01  2.103757e+00 
 6.025596e+01  2.557278e+01  6.025596e+01  2.093363e+00 
 6.165950e+01  2.582368e+01  6.165950e+01  2.083074e+00 
 6.309573e+01  2.607285e+01  6.309573e+01  2.072894e+00 
 6.456542e+01  2.632034e+01  6.456542e+01  2.062825e+00 
 6.606934e+01  2.656617e+01  6.606934e+01  2.052869e+00 
 6.760830e+01  2.681040e+01  6.760830e+01  2.043029e+00 
 6.918310e+01  2.705305e+01  6.918310e+01  2.033305e+00 
 7.079458e+01  2.729418e+01  7.079458e+01  2.023699e+00 
 7.244360e+01  2.753383e+01  7.244360e+01  2.014213e+00 
 7.413102e+01  2.777202e+01  7.413102e+01  2.004849e+00 
 7.585776e+01  2.800881e+01  7.585776e+01  1.995606e+00 
 7.762471e+01  2.824424e+01  7.762471e+01  1.986486e+00 
 7.943282e+01  2.847834e+01  7.943282e+01  1.977489e+00 
 8.128305e+01  2.871115e+01  8.128305e+01  1.968616e+00 
 8.317638e+01  2.894272e+01  8.317638e+01  1.959867e+00 
 8.511380e+01  2.917308e+01  8.511380e+01  1.951242e+00 
 8.709636e+01  2.940226e+01  8.709636e+01  1.942742e+00 
 8.912509e+01  2.963032e+01  8.912509e+01  1.934365e+00 
 9.120108e+01  2.985727e+01  9.120108e+01  1.926112e+00 
 9.332543e+01  3.008317e+01  9.332543e+01  1.917981e+00 
 9.549926e+01  3.030804e+01  9.549926e+01  1.909973e+00 
 9.772372e+01  3.053192e+01  9.772372e+01  1.902087e+00 
 1.000000e+02  3.075484e+01  1.000000e+02  1.894322e+00 
 1.023293e+02  3.097684e+01  1.023293e+02  1.886677e+00 
 1.047129e+02  3.119795e+01  1.047129e+02  1.879150e+00 
 1.071519e+02  3.141820e+01  1.071519e+02  1.871742e+00 
 1.096478e+02  3.163762e+01  1.096478e+02  1.864450e+00 
 1.122018e+02  3.185624e+01  1.122018e+02  1.857273e+00 
 1.148154e+02  3.207408e+01  1.148154e+02  1.850210e+00 
 1.174898e+02  3.229119e+01  1.174898e+02  1.843259e+00 
 1.202264e+02  3.250758e+01  1.202264e+02  1.836419e+00 
 1.230269e+02  3.272329e+01  1.230269e+02  1.829688e+00 
 1.258925e+02  3.293833e+01  1.258925e+02  1.823065e+00 
 1.288250e+02  3.315273e+01  1.288250e+02  1.816548e+00 
 1.318257e+02  3.336652e+01  1.318257e+02  1.810135e+00 
 1.348963e+02  3.357973e+01  1.348963e+02  1.803824e+00 
 1.380384e+02  3.379236e+01  1.380384e+02  1.797614e+00 
 1.412538e+02  3.400445e+01  1.412538e+02  1.791502e+00 
 1.445440e+02  3.421601e+01  1.445440e+02  1.785487e+00 
 1.479108e+02  3.442707e+01  1.479108e+02  1.779567e+00 
 1.513561e+02  3.463765e+01  1.513561e+02  1.773740e+00 
 1.548817e+02  3.484776e+01  1.548817e+02  1.768003e+00 
 1.584893e+02  3.505742e+01  1.584893e+02  1.762356e+00 
 1.621810e+02  3.526666e+01  1.621810e+02  1.756795e+00 
 1.659587e+02  3.547548e+01  1.659587e+02  1.751320e+00 
 1.698244e+02  3.568390e+01  1.698244e+02  1.745927e+00 
 1.737801e+02  3.589194e+01  1.737801e+02  1.740615e+00 
 1.778279e+02  3.609962e+01  1.778279e+02  1.735382e+00 
 1.819701e+02  3.630695e+01  1.819701e+02  1.730225e+00 
 1.862087e+02  3.651393e+01  1.862087e+02  1.725143e+00 
 1.905461e+02  3.672060e+01  1.905461e+02  1.720134e+00 
 1.949845e+02  3.692695e+01  1.949845e+02  1.715196e+00 
 1.995262e+02  3.713300e+01  1.995262e+02  1.710325e+00 
 2.041738e+02  3.733876e+01  2.041738e+02  1.705522e+00 
 2.089296e+02  3.754424e+01  2.089296e+02  1.700782e+00 
 2.137962e+02  3.774946e+01  2.137962e+02  1.696105e+00 
 2.187762e+02  3.795442e+01  2.187762e+02  1.691489e+00 
 2.238721e+02  3.815913e+01  2.238721e+02  1.686930e+00 
 2.290868e+02  3.836361e+01  2.290868e+02  1.682428e+00 
 2.344229e+02  3.856786e+01  2.344229e+02  1.677980e+00 
 2.398833e+02  3.877188e+01  2.398833e+02  1.673584e+00 
 2.454709e+02  3.897570e+01  2.454709e+02  1.669239e+00 
 2.511886e+02  3.917930e+01  2.511886e+02  1.664941e+00 
 2.570396e+02  3.938272e+01  2.570396e+02  1.660690e+00 
 2.630268e+02  3.958593e+01  2.630268e+02  1.656483e+00 
 2.691535e+02  3.978897e+01  2.691535e+02  1.652318e+00 
 2.754229e+02  3.999182e+01  2.754229e+02  1.648193e+00 
 2.818383e+02  4.019451e+01  2.818383e+02  1.644107e+00 
 2.884032e+02  4.039702e+01  2.884032e+02  1.640057e+00 
 2.951209e+02  4.059937e+01  2.951209e+02  1.636041e+00 
 3.019952e+02  4.080156e+01  3.019952e+02  1.632057e+00 
 3.090295e+02  4.100360e+01  3.090295e+02  1.628105e+00 
 3.162278e+02  4.120549e+01  3.162278e+02  1.624180e+00 
 3.235937e+02  4.140724e+01  3.235937e+02  1.620282e+00 
 3.311311e+02  4.160884e+01  3.311311e+02  1.616409e+00 
 3.388442e+02  4.181031e+01  3.388442e+02  1.612559e+00 
 3.467369e+02  4.201163e+01  3.467369e+02  1.608730e+00 
 3.548134e+02  4.221283e+01  3.548134e+02  1.604919e+00 
 3.630781e+02  4.241389e+01  3.630781e+02  1.601126e+00 
 3.715352e+02  4.261483e+01  3.715352e+02  1.597348e+00 
 3.801894e+02  4.281564e+01  3.801894e+02  1.593583e+00 
 3.890451e+02  4.301632e+01  3.890451e+02  1.589829e+00 
 3.981072e+02  4.321688e+01  3.981072e+02  1.586086e+00 
 4.073803e+02  4.341732e+01  4.073803e+02  1.582349e+00 
 4.168694e+02  4.361763e+01  4.168694e+02  1.578619e+00 
 4.265795e+02  4.381783e+01  4.265795e+02  1.574893e+00 
 4.365158e+02  4.401790e+01  4.365158e+02  1.571168e+00 
 4.466836e+02  4.421785e+01  4.466836e+02  1.567444e+00 
 4.570882e+02  4.441769e+01  4.570882e+02  1.563718e+00 
 4.677351e+02  4.461740e+01  4.677351e+02  1.559989e+00 
 4.786301e+02  4.481699e+01  4.786301e+02  1.556254e+00 
 4.897788e+02  4.501646e+01  4.897788e+02  1.552512e+00 
 5.011872e+02  4.521580e+01  5.011872e+02  1.548760e+00 
 5.128614e+02  4.541502e+01  5.128614e+02  1.544998e+00 
 5.248075e+02  4.561412e+01  5.248075e+02  1.541223e+00 
 5.370318e+02  4.581308e+01  5.370318e+02  1.537432e+00 
 5.495409e+02  4.601192e+01  5.495409e+02  1.533626e+00 
 5.623413e+02  4.621062e+01  5.623413e+02  1.529800e+00 
 5.754399e+02  4.640919e+01  5.754399e+02  1.525954e+00 
 5.888437e+02  4.660762e+01  5.888437e+02  1.522086e+00 
 6.025596e+02  4.680590e+01  6.025596e+02  1.518193e+00 
 6.165950e+02  4.700405e+01  6.165950e+02  1.514274e+00 
 6.309573e+02  4.720204e+01  6.309573e+02  1.510327e+00 
 6.456542e+02  4.739988e+01  6.456542e+02  1.506350e+00 
 6.606934e+02  4.759757e+01  6.606934e+02  1.502340e+00 
 6.760830e+02  4.779509e+01  6.760830e+02  1.498297e+00 
 6.918310e+02  4.799245e+01  6.918310e+02  1.494218e+00 
 7.079458e+02  4.818963e+01  7.079458e+02  1.490101e+00 
 7.244360e+02  4.838664e+01  7.244360e+02  1.485944e+00 
 7.413102e+02  4.858346e+01  7.413102e+02  1.481746e+00 
 7.585776e+02  4.878010e+01  7.585776e+02  1.477503e+00 
 7.762471e+02  4.897653e+01  7.762471e+02  1.473215e+00 
 7.943282e+02  4.917277e+01  7.943282e+02  1.468879e+00 
 8.128305e+02  4.936879e+01  8.128305e+02  1.464493e+00 
 8.317638e+02  4.956459e+01  8.317638e+02  1.460056e+00 
 8.511380e+02  4.976017e+01  8.511380e+02  1.455565e+00 
 8.709636e+02  4.995551e+01  8.709636e+02  1.451017e+00 
 8.912509e+02  5.015061e+01  8.912509e+02  1.446412e+00 
 9.120108e+02  5.034545e+01  9.120108e+02  1.441747e+00 
 9.332543e+02  5.054003e+01  9.332543e+02  1.437021e+00 
 9.549926e+02  5.073433e+01  9.549926e+02  1.432230e+00 
 9.772372e+02  5.092835e+01  9.772372e+02  1.427373e+00 
 1.000000e+03  5.112206e+01  1.000000e+03  1.422448e+00 
 1.023293e+03  5.131547e+01  1.023293e+03  1.417453e+00 
 1.047129e+03  5.150856e+01  1.047129e+03  1.412385e+00 
 1.071519e+03  5.170131e+01  1.071519e+03  1.407243e+00 
 1.096478e+03  5.189372e+01  1.096478e+03  1.402025e+00 
 1.122018e+03  5.208576e+01  1.122018e+03  1.396729e+00 
 1.148154e+03  5.227742e+01  1.148154e+03  1.391352e+00 
 1.174898e+03  5.246869e+01  1.174898e+03  1.385893e+00 
 1.202264e+03  5.265956e+01  1.202264e+03  1.380349e+00 
 1.230269e+03  5.284999e+01  1.230269e+03  1.374719e+00 
 1.258925e+03  5.303998e+01  1.258925e+03  1.369000e+00 
 1.288250e+03  5.322952e+01  1.288250e+03  1.363190e+00 
 1.318257e+03  5.341857e+01  1.318257e+03  1.357289e+00 
 1.348963e+03  5.360712e+01  1.348963e+03  1.351292e+00 
 1.380384e+03  5.379515e+01  1.380384e+03  1.345199e+00 
 1.412538e+03  5.398264e+01  1.412538e+03  1.339008e+00 
 1.445440e+03  5.416957e+01  1.445440e+03  1.332717e+00 
 1.479108e+03  5.435592e+01  1.479108e+03  1.326324e+00 
 1.513561e+03  5.454166e+01  1.513561e+03  1.319827e+00 
 1.548817e+03  5.472676e+01  1.548817e+03  1.313224e+00 
 1.584893e+03  5.491121e+01  1.584893e+03  1.306514e+00 
 1.621810e+03  5.509498e+01  1.621810e+03  1.299695e+00 
 1.659587e+03  5.527803e+01  1.659587e+03  1.292766e+00 
 1.698244e+03  5.546036e+01  1.698244e+03  1.285724e+00 
 1.737801e+03  5.564191e+01  1.737801e+03  1.278569e+00 
 1.778279e+03  5.582268e+01  1.778279e+03  1.271299e+00 
 1.819701e+03  5.600262e+01  1.819701e+03  1.263913e+00 
 1.862087e+03  5.618171e+01  1.862087e+03  1.256408e+00 
 1.905461e+03  5.635992e+01  1.905461e+03  1.248786e+00 
 1.949845e+03  5.653721e+01  1.949845e+03  1.241043e+00 
 1.995262e+03  5.671355e+01  1.995262e+03  1.233180e+00 
 2.041738e+03  5.688891e+01  2.041738e+03  1.225194e+00 
 2.089296e+03  5.706325e+01  2.089296e+03  1.217087e+00 
 2.137962e+03  5.723654e+01  2.137962e+03  1.208856e+00 
 2.187762e+03  5.740874e+01  2.187762e+03  1.200502e+00 
 2.238721e+03  5.757981e+01  2.238721e+03  1.192024e+00 
 2.290868e+03  5.774972e+01  2.290868e+03  1.183422e+00 
 2.344229e+03  5.791844e+01  2.344229e+03  1.174695e+00 
 2.398833e+03  5.808591e+01  2.398833e+03  1.165844e+00 
 2.454709e+03  5.825211e+01  2.454709e+03  1.156870e+00 
 2.511886e+03  5.841699e+01  2.511886e+03  1.147771e+00 
 2.570396e+03  5.858051e+01  2.570396e+03  1.138550e+00 
 2.630268e+03  5.874264e+01  2.630268e+03  1.129206e+00 
 2.691535e+03  5.890333e+01  2.691535e+03  1.119742e+00 
 2.754229e+03  5.906254e+01  2.754229e+03  1.110156e+00 
 2.818383e+03  5.922024e+01  2.818383e+03  1.100452e+00 
 2.884032e+03  5.937637e+01  2.884032e+03  1.090631e+00 
 2.951209e+03  5.953091e+01  2.951209e+03  1.080694e+00 
 3.019952e+03  5.968381e+01  3.019952e+03  1.070643e+00 
 3.090295e+03  5.983502e+01  3.090295e+03  1.060480e+00 
 3.162278e+03  5.998452e+01  3.162278e+03  1.050208e+00 
 3.235937e+03  6.013225e+01  3.235937e+03  1.039830e+00 
 3.311311e+03  6.027819e+01  3.311311e+03  1.029347e+00 
 3.388442e+03  6.042229e+01  3.388442e+03  1.018764e+00 
 3.467369e+03  6.056452e+01  3.467369e+03  1.008083e+00 
 3.548134e+03  6.070483e+01  3.548134e+03  9.973072e-01 
 3.630781e+03  6.084320e+01  3.630781e+03  9.864412e-01 
 3.715352e+03  6.097958e+01  3.715352e+03  9.754885e-01 
 3.801894e+03  6.111395e+01  3.801894e+03  9.644530e-01 
 3.890451e+03  6.124627e+01  3.890451e+03  9.533391e-01 
 3.981072e+03  6.137651e+01  3.981072e+03  9.421511e-01 
 4.073803e+03  6.150465e+01  4.073803e+03  9.308938e-01 
 4.168694e+03  6.163065e+01  4.168694e+03  9.195720e-01 
 4.265795e+03  6.175449e+01  4.265795e+03  9.081907e-01 
 4.365158e+03  6.187615e+01  4.365158e+03  8.967549e-01 
 4.466836e+03  6.199560e+01  4.466836e+03  8.852701e-01 
 4.570882e+03  6.211283e+01  4.570882e+03  8.737415e-01 
 4.677351e+03  6.222781e+01  4.677351e+03  8.621749e-01 
 4.786301e+03  6.234053e+01  4.786301e+03  8.505758e-01 
 4.897788e+03  6.245099e+01  4.897788e+03  8.389500e-01 
 5.011872e+03  6.255915e+01  5.011872e+03  8.273033e-01 
 5.128614e+03  6.266503e+01  5.128614e+03  8.156418e-01 
 5.248075e+03  6.276861e+01  5.248075e+03  8.039712e-01 
 5.370318e+03  6.286989e+01  5.370318e+03  7.922977e-01 
 5.495409e+03  6.296886e+01  5.495409e+03  7.806272e-01 
 5.623413e+03  6.306554e+01  5.623413e+03  7.689658e-01 
 5.754399e+03  6.315991e+01  5.754399e+03  7.573194e-01 
 5.888437e+03  6.325200e+01  5.888437e+03  7.456940e-01 
 6.025596e+03  6.334180e+01  6.025596e+03  7.340956e-01 
 6.165950e+03  6.342932e+01  6.165950e+03  7.225300e-01 
 6.309573e+03  6.351459e+01  6.309573e+03  7.110030e-01 
 6.456542e+03  6.359761e+01  6.456542e+03  6.995203e-01 
 6.606934e+03  6.367840e+01  6.606934e+03  6.880876e-01 
 6.760830e+03  6.375699e+01  6.760830e+03  6.767102e-01 
 6.918310e+03  6.383339e+01  6.918310e+03  6.653935e-01 
 7.079458e+03  6.390763e+01  7.079458e+03  6.541427e-01 
 7.244360e+03  6.397973e+01  7.244360e+03  6.429630e-01 
 7.413102e+03  6.404972e+01  7.413102e+03  6.318590e-01 
 7.585776e+03  6.411764e+01  7.585776e+03  6.208356e-01 
 7.762471e+03  6.418350e+01  7.762471e+03  6.098973e-01 
 7.943282e+03  6.424734e+01  7.943282e+03  5.990485e-01 
 8.128305e+03  6.430920e+01  8.128305e+03  5.882931e-01 
 8.317638e+03  6.436911e+01  8.317638e+03  5.776353e-01 
 8.511380e+03  6.442710e+01  8.511380e+03  5.670787e-01 
 8.709636e+03  6.448322e+01  8.709636e+03  5.566269e-01 
 8.912509e+03  6.453749e+01  8.912509e+03  5.462832e-01 
 9.120108e+03  6.458997e+01  9.120108e+03  5.360506e-01 
 9.332543e+03  6.464068e+01  9.332543e+03  5.259321e-01 
 9.549926e+03  6.468967e+01  9.549926e+03  5.159304e-01 
 9.772372e+03  6.473697e+01  9.772372e+03  5.060478e-01 
 1.000000e+04  6.478263e+01  1.000000e+04  4.962867e-01 
 1.023293e+04  6.482669e+01  1.023293e+04  4.866491e-01 
 1.047129e+04  6.486919e+01  1.047129e+04  4.771369e-01 
 1.071519e+04  6.491017e+01  1.071519e+04  4.677517e-01 
 1.096478e+04  6.494966e+01  1.096478e+04  4.584949e-01 
 1.122018e+04  6.498772e+01  1.122018e+04  4.493678e-01 
 1.148154e+04  6.502438e+01  1.148154e+04  4.403714e-01 
 1.174898e+04  6.505968e+01  1.174898e+04  4.315067e-01 
 1.202264e+04  6.509366e+01  1.202264e+04  4.227744e-01 
 1.230269e+04  6.512636e+01  1.230269e+04  4.141750e-01 
 1.258925e+04  6.515782e+01  1.258925e+04  4.057088e-01 
 1.288250e+04  6.518808e+01  1.288250e+04  3.973762e-01 
 1.318257e+04  6.521718e+01  1.318257e+04  3.891771e-01 
 1.348963e+04  6.524515e+01  1.348963e+04  3.811116e-01 
 1.380384e+04  6.527203e+01  1.380384e+04  3.731793e-01 
 1.412538e+04  6.529785e+01  1.412538e+04  3.653801e-01 
 1.445440e+04  6.532266e+01  1.445440e+04  3.577134e-01 
 1.479108e+04  6.534648e+01  1.479108e+04  3.501787e-01 
 1.513561e+04  6.536936e+01  1.513561e+04  3.427752e-01 
 1.548817e+04  6.539132e+01  1.548817e+04  3.355023e-01 
 1.584893e+04  6.541239e+01  1.584893e+04  3.283591e-01 
 1.621810e+04  6.543261e+01  1.621810e+04  3.213445e-01 
 1.659587e+04  6.545201e+01  1.659587e+04  3.144575e-01 
 1.698244e+04  6.547062e+01  1.698244e+04  3.076971e-01 
 1.737801e+04  6.548847e+01  1.737801e+04  3.010620e-01 
 1.778279e+04  6.550558e+01  1.778279e+04  2.945510e-01 
 1.819701e+04  6.552198e+01  1.819701e+04  2.881628e-01 
 1.862087e+04  6.553770e+01  1.862087e+04  2.818960e-01 
 1.905461e+04  6.555277e+01  1.905461e+04  2.757491e-01 
 1.949845e+04  6.556721e+01  1.949845e+04  2.697208e-01 
 1.995262e+04  6.558105e+01  1.995262e+04  2.638094e-01 
 2.041738e+04  6.559430e+01  2.041738e+04  2.580136e-01 
 2.089296e+04  6.560699e+01  2.089296e+04  2.523316e-01 
 2.137962e+04  6.561915e+01  2.137962e+04  2.467620e-01 
 2.187762e+04  6.563080e+01  2.187762e+04  2.413030e-01 
 2.238721e+04  6.564194e+01  2.238721e+04  2.359531e-01 
 2.290868e+04  6.565262e+01  2.290868e+04  2.307106e-01 
 2.344229e+04  6.566283e+01  2.344229e+04  2.255738e-01 
 2.398833e+04  6.567261e+01  2.398833e+04  2.205410e-01 
 2.454709e+04  6.568197e+01  2.454709e+04  2.156106e-01 
 2.511886e+04  6.569093e+01  2.511886e+04  2.107809e-01 
 2.570396e+04  6.569950e+01  2.570396e+04  2.060501e-01 
 2.630268e+04  6.570770e+01  2.630268e+04  2.014166e-01 
 2.691535e+04  6.571555e+01  2.691535e+04  1.968786e-01 
 2.754229e+04  6.572306e+01  2.754229e+04  1.924345e-01 
 2.818383e+04  6.573024e+01  2.818383e+04  1.880827e-01 
 2.884032e+04  6.573711e+01  2.884032e+04  1.838213e-01 
 2.951209e+04  6.574368e+01  2.951209e+04  1.796488e-01 
 3.019952e+04  6.574996e+01  3.019952e+04  1.755634e-01 
 3.090295e+04  6.575597e+01  3.090295e+04  1.715636e-01 
 3.162278e+04  6.576172e+01  3.162278e+04  1.676478e-01 
 3.235937e+04  6.576721e+01  3.235937e+04  1.638142e-01 
 3.311311e+04  6.577247e+01  3.311311e+04  1.600612e-01 
 3.388442e+04  6.577749e+01  3.388442e+04  1.563874e-01 
 3.467369e+04  6.578229e+01  3.467369e+04  1.527911e-01 
 3.548134e+04  6.578689e+01  3.548134e+04  1.492707e-01 
 3.630781e+04  6.579127e+01  3.630781e+04  1.458248e-01 
 3.715352e+04  6.579547e+01  3.715352e+04  1.424517e-01 
 3.801894e+04  6.579948e+01  3.801894e+04  1.391501e-01 
 3.890451e+04  6.580332e+01  3.890451e+04  1.359184e-01 
 3.981072e+04  6.580698e+01  3.981072e+04  1.327551e-01 
 4.073803e+04  6.581048e+01  4.073803e+04  1.296588e-01 
 4.168694e+04  6.581383e+01  4.168694e+04  1.266282e-01 
 4.265795e+04  6.581703e+01  4.265795e+04  1.236617e-01 
 4.365158e+04  6.582008e+01  4.365158e+04  1.207581e-01 
 4.466836e+04  6.582301e+01  4.466836e+04  1.179159e-01 
 4.570882e+04  6.582580e+01  4.570882e+04  1.151338e-01 
 4.677351e+04  6.582847e+01  4.677351e+04  1.124105e-01 
 4.786301e+04  6.583101e+01  4.786301e+04  1.097448e-01 
 4.897788e+04  6.583345e+01  4.897788e+04  1.071352e-01 
 5.011872e+04  6.583578e+01  5.011872e+04  1.045806e-01 
 5.128614e+04  6.583800e+01  5.128614e+04  1.020798e-01 
 5.248075e+04  6.584012e+01  5.248075e+04  9.963151e-02 
 5.370318e+04  6.584215e+01  5.370318e+04  9.723454e-02 
 5.495409e+04  6.584409e+01  5.495409e+04  9.488772e-02 
 5.623413e+04  6.584594e+01  5.623413e+04  9.258992e-02 
 5.754399e+04  6.584771e+01  5.754399e+04  9.033999e-02 
 5.888437e+04  6.584940e+01  5.888437e+04  8.813683e-02 
 6.025596e+04  6.585102e+01  6.025596e+04  8.597934e-02 
 6.165950e+04  6.585256e+01  6.165950e+04  8.386644e-02 
 6.309573e+04  6.585404e+01  6.309573e+04  8.179709e-02 
 6.456542e+04  6.585544e+01  6.456542e+04  7.977024e-02 
 6.606934e+04  6.585679e+01  6.606934e+04  7.778488e-02 
 6.760830e+04  6.585807e+01  6.760830e+04  7.584001e-02 
 6.918310e+04  6.585930e+01  6.918310e+04  7.393465e-02 
 7.079458e+04  6.586047e+01  7.079458e+04  7.206783e-02 
 7.244360e+04  6.586159e+01  7.244360e+04  7.023861e-02 
 7.413102e+04  6.586266e+01  7.413102e+04  6.844606e-02 
 7.585776e+04  6.586368e+01  7.585776e+04  6.668927e-02 
 7.762471e+04  6.586465e+01  7.762471e+04  6.496734e-02 
 7.943282e+04  6.586558e+01  7.943282e+04  6.327938e-02 
 8.128305e+04  6.586647e+01  8.128305e+04  6.162455e-02 
 8.317638e+04  6.586732e+01  8.317638e+04  6.000198e-02 
 8.511380e+04  6.586813e+01  8.511380e+04  5.841085e-02 
 8.709636e+04  6.586890e+01  8.709636e+04  5.685033e-02 
 8.912509e+04  6.586964e+01  8.912509e+04  5.531963e-02 
 9.120108e+04  6.587034e+01  9.120108e+04  5.381794e-02 
 9.332543e+04  6.587102e+01  9.332543e+04  5.234451e-02 
 9.549926e+04  6.587166e+01  9.549926e+04  5.089856e-02 
 9.772372e+04  6.587227e+01  9.772372e+04  4.947935e-02 
 1.000000e+05  6.587286e+01  1.000000e+05  4.808614e-02 
 1.023293e+05  6.587342e+01  1.023293e+05  4.671820e-02 
 1.047129e+05  6.587395e+01  1.047129e+05  4.537484e-02 
 1.071519e+05  6.587446e+01  1.071519e+05  4.405534e-02 
 1.096478e+05  6.587494e+01  1.096478e+05  4.275902e-02 
 1.122018e+05  6.587541e+01  1.122018e+05  4.148520e-02 
 1.148154e+05  6.587585e+01  1.148154e+05  4.023323e-02 
 1.174898e+05  6.587627e+01  1.174898e+05  3.900245e-02 
 1.202264e+05  6.587667e+01  1.202264e+05  3.779221e-02 
 1.230269e+05  6.587705e+01  1.230269e+05  3.660188e-02 
 1.258925e+05  6.587742e+01  1.258925e+05  3.543085e-02 
 1.288250e+05  6.587777e+01  1.288250e+05  3.427849e-02 
 1.318257e+05  6.587810e+01  1.318257e+05  3.314420e-02 
 1.348963e+05  6.587841e+01  1.348963e+05  3.202739e-02 
 1.380384e+05  6.587871e+01  1.380384e+05  3.092748e-02 
 1.412538e+05  6.587900e+01  1.412538e+05  2.984388e-02 
 1.445440e+05  6.587927e+01  1.445440e+05  2.877602e-02 
 1.479108e+05  6.587953e+01  1.479108e+05  2.772336e-02 
 1.513561e+05  6.587978e+01  1.513561e+05  2.668532e-02 
 1.548817e+05  6.588001e+01  1.548817e+05  2.566137e-02 
 1.584893e+05  6.588024e+01  1.584893e+05  2.465097e-02 
 1.621810e+05  6.588045e+01  1.621810e+05  2.365359e-02 
 1.659587e+05  6.588065e+01  1.659587e+05  2.266869e-02 
 1.698244e+05  6.588084e+01  1.698244e+05  2.169577e-02 
 1.737801e+05  6.588102e+01  1.737801e+05  2.073431e-02 
 1.778279e+05  6.588120e+01  1.778279e+05  1.978380e-02 
 1.819701e+05  6.588136e+01  1.819701e+05  1.884375e-02 
 1.862087e+05  6.588151e+01  1.862087e+05  1.791365e-02 
 1.905461e+05  6.588166e+01  1.905461e+05  1.699301e-02 
 1.949845e+05  6.588179e+01  1.949845e+05  1.608136e-02 
 1.995262e+05  6.588192e+01  1.995262e+05  1.517821e-02 
 2.041738e+05  6.588205e+01  2.041738e+05  1.428307e-02 
 2.089296e+05  6.588216e+01  2.089296e+05  1.339549e-02 
 2.137962e+05  6.588227e+01  2.137962e+05  1.251499e-02 
 2.187762e+05  6.588237e+01  2.187762e+05  1.164111e-02 
 2.238721e+05  6.588246e+01  2.238721e+05  1.077337e-02 
 2.290868e+05  6.588255e+01  2.290868e+05  9.911338e-03 
 2.344229e+05  6.588263e+01  2.344229e+05  9.054542e-03 
 2.398833e+05  6.588271e+01  2.398833e+05  8.202534e-03 
 2.454709e+05  6.588278e+01  2.454709e+05  7.354863e-03 
 2.511886e+05  6.588284e+01  2.511886e+05  6.511081e-03 
 2.570396e+05  6.588290e+01  2.570396e+05  5.670741e-03 
 2.630268e+05  6.588295e+01  2.630268e+05  4.833400e-03 
 2.691535e+05  6.588300e+01  2.691535e+05  3.998614e-03 
 2.754229e+05  6.588304e+01  2.754229e+05  3.165943e-03 
 2.818383e+05  6.588307e+01  2.818383e+05  2.334946e-03 
 2.884032e+05  6.588311e+01  2.884032e+05  1.505183e-03 
 2.951209e+05  6.588313e+01  2.951209e+05  6.762156e-04 
 3.019952e+05  6.588315e+01  3.019952e+05 -1.523947e-04 
 3.090295e+05  6.588317e+01  3.090295e+05 -9.810862e-04 
 3.162278e+05  6.588318e+01  3.162278e+05 -1.810297e-03 
 3.235937e+05  6.588319e+01  3.235937e+05 -2.640466e-03 
 3.311311e+05  6.588319e+01  3.311311e+05 -3.472032e-03 
 3.388442e+05  6.588318e+01  3.388442e+05 -4.305435e-03 
 3.467369e+05  6.588318e+01  3.467369e+05 -5.141116e-03 
 3.548134e+05  6.588316e+01  3.548134e+05 -5.979517e-03 
 3.630781e+05  6.588314e+01  3.630781e+05 -6.821080e-03 
 3.715352e+05  6.588312e+01  3.715352e+05 -7.666252e-03 
 3.801894e+05  6.588309e+01  3.801894e+05 -8.515478e-03 
 3.890451e+05  6.588306e+01  3.890451e+05 -9.369208e-03 
 3.981072e+05  6.588302e+01  3.981072e+05 -1.022789e-02 
 4.073803e+05  6.588298e+01  4.073803e+05 -1.109199e-02 
 4.168694e+05  6.588293e+01  4.168694e+05 -1.196195e-02 
 4.265795e+05  6.588287e+01  4.265795e+05 -1.283823e-02 
 4.365158e+05  6.588281e+01  4.365158e+05 -1.372131e-02 
 4.466836e+05  6.588275e+01  4.466836e+05 -1.461164e-02 
 4.570882e+05  6.588267e+01  4.570882e+05 -1.550969e-02 
 4.677351e+05  6.588260e+01  4.677351e+05 -1.641594e-02 
 4.786301e+05  6.588251e+01  4.786301e+05 -1.733087e-02 
 4.897788e+05  6.588242e+01  4.897788e+05 -1.825497e-02 
 5.011872e+05  6.588232e+01  5.011872e+05 -1.918871e-02 
 5.128614e+05  6.588222e+01  5.128614e+05 -2.013259e-02 
 5.248075e+05  6.588211e+01  5.248075e+05 -2.108711e-02 
 5.370318e+05  6.588199e+01  5.370318e+05 -2.205277e-02 
 5.495409e+05  6.588187e+01  5.495409e+05 -2.303009e-02 
 5.623413e+05  6.588174e+01  5.623413e+05 -2.401957e-02 
 5.754399e+05  6.588159e+01  5.754399e+05 -2.502174e-02 
 5.888437e+05  6.588145e+01  5.888437e+05 -2.603712e-02 
 6.025596e+05  6.588129e+01  6.025596e+05 -2.706625e-02 
 6.165950e+05  6.588112e+01  6.165950e+05 -2.810968e-02 
 6.309573e+05  6.588095e+01  6.309573e+05 -2.916795e-02 
 6.456542e+05  6.588076e+01  6.456542e+05 -3.024161e-02 
 6.606934e+05  6.588056e+01  6.606934e+05 -3.133123e-02 
 6.760830e+05  6.588036e+01  6.760830e+05 -3.243739e-02 
 6.918310e+05  6.588014e+01  6.918310e+05 -3.356066e-02 
 7.079458e+05  6.587991e+01  7.079458e+05 -3.470164e-02 
 7.244360e+05  6.587967e+01  7.244360e+05 -3.586092e-02 
 7.413102e+05  6.587942e+01  7.413102e+05 -3.703911e-02 
 7.585776e+05  6.587916e+01  7.585776e+05 -3.823682e-02 
 7.762471e+05  6.587888e+01  7.762471e+05 -3.945469e-02 
 7.943282e+05  6.587859e+01  7.943282e+05 -4.069335e-02 
 8.128305e+05  6.587828e+01  8.128305e+05 -4.195345e-02 
 8.317638e+05  6.587796e+01  8.317638e+05 -4.323565e-02 
 8.511380e+05  6.587762e+01  8.511380e+05 -4.454061e-02 
 8.709636e+05  6.587726e+01  8.709636e+05 -4.586903e-02 
 8.912509e+05  6.587689e+01  8.912509e+05 -4.722158e-02 
 9.120108e+05  6.587650e+01  9.120108e+05 -4.859897e-02 
 9.332543e+05  6.587609e+01  9.332543e+05 -5.000192e-02 
 9.549926e+05  6.587566e+01  9.549926e+05 -5.143117e-02 
 9.772372e+05  6.587521e+01  9.772372e+05 -5.288744e-02 
 1.000000e+06  6.587474e+01  1.000000e+06 -5.437150e-02 
 1.023293e+06  6.587425e+01  1.023293e+06 -5.588412e-02 
 1.047129e+06  6.587373e+01  1.047129e+06 -5.742607e-02 
 1.071519e+06  6.587319e+01  1.071519e+06 -5.899815e-02 
 1.096478e+06  6.587262e+01  1.096478e+06 -6.060119e-02 
 1.122018e+06  6.587203e+01  1.122018e+06 -6.223599e-02 
 1.148154e+06  6.587140e+01  1.148154e+06 -6.390341e-02 
 1.174898e+06  6.587075e+01  1.174898e+06 -6.560429e-02 
 1.202264e+06  6.587007e+01  1.202264e+06 -6.733952e-02 
 1.230269e+06  6.586935e+01  1.230269e+06 -6.910998e-02 
 1.258925e+06  6.586860e+01  1.258925e+06 -7.091658e-02 
 1.288250e+06  6.586782e+01  1.288250e+06 -7.276023e-02 
 1.318257e+06  6.586699e+01  1.318257e+06 -7.464188e-02 
 1.348963e+06  6.586613e+01  1.348963e+06 -7.656248e-02 
 1.380384e+06  6.586523e+01  1.380384e+06 -7.852301e-02 
 1.412538e+06  6.586429e+01  1.412538e+06 -8.052446e-02 
 1.445440e+06  6.586330e+01  1.445440e+06 -8.256785e-02 
 1.479108e+06  6.586227e+01  1.479108e+06 -8.465419e-02 
 1.513561e+06  6.586119e+01  1.513561e+06 -8.678454e-02 
 1.548817e+06  6.586005e+01  1.548817e+06 -8.895997e-02 
 1.584893e+06  6.585887e+01  1.584893e+06 -9.118156e-02 
 1.621810e+06  6.585763e+01  1.621810e+06 -9.345043e-02 
 1.659587e+06  6.585633e+01  1.659587e+06 -9.576769e-02 
 1.698244e+06  6.585497e+01  1.698244e+06 -9.813450e-02 
 1.737801e+06  6.585355e+01  1.737801e+06 -1.005520e-01 
 1.778279e+06  6.585206e+01  1.778279e+06 -1.030215e-01 
 1.819701e+06  6.585050e+01  1.819701e+06 -1.055440e-01 
 1.862087e+06  6.584888e+01  1.862087e+06 -1.081209e-01 
 1.905461e+06  6.584717e+01  1.905461e+06 -1.107534e-01 
 1.949845e+06  6.584539e+01  1.949845e+06 -1.134428e-01 
 1.995262e+06  6.584353e+01  1.995262e+06 -1.161903e-01 
 2.041738e+06  6.584158e+01  2.041738e+06 -1.189974e-01 
 2.089296e+06  6.583954e+01  2.089296e+06 -1.218652e-01 
 2.137962e+06  6.583740e+01  2.137962e+06 -1.247953e-01 
 2.187762e+06  6.583517e+01  2.187762e+06 -1.277890e-01 
 2.238721e+06  6.583284e+01  2.238721e+06 -1.308476e-01 
 2.290868e+06  6.583040e+01  2.290868e+06 -1.339727e-01 
 2.344229e+06  6.582785e+01  2.344229e+06 -1.371656e-01 
 2.398833e+06  6.582518e+01  2.398833e+06 -1.404279e-01 
 2.454709e+06  6.582239e+01  2.454709e+06 -1.437611e-01 
 2.511886e+06  6.581947e+01  2.511886e+06 -1.471666e-01 
 2.570396e+06  6.581643e+01  2.570396e+06 -1.506460e-01 
 2.630268e+06  6.581324e+01  2.630268e+06 -1.542009e-01 
 2.691535e+06  6.580991e+01  2.691535e+06 -1.578328e-01 
 2.754229e+06  6.580643e+01  2.754229e+06 -1.615434e-01 
 2.818383e+06  6.580279e+01  2.818383e+06 -1.653343e-01 
 2.884032e+06  6.579900e+01  2.884032e+06 -1.692072e-01 
 2.951209e+06  6.579503e+01  2.951209e+06 -1.731636e-01 
 3.019952e+06  6.579088e+01  3.019952e+06 -1.772053e-01 
 3.090295e+06  6.578655e+01  3.090295e+06 -1.813339e-01 
 3.162278e+06  6.578203e+01  3.162278e+06 -1.855513e-01 
 3.235937e+06  6.577730e+01  3.235937e+06 -1.898592e-01 
 3.311311e+06  6.577237e+01  3.311311e+06 -1.942592e-01 
 3.388442e+06  6.576722e+01  3.388442e+06 -1.987532e-01 
 3.467369e+06  6.576185e+01  3.467369e+06 -2.033429e-01 
 3.548134e+06  6.575624e+01  3.548134e+06 -2.080302e-01 
 3.630781e+06  6.575039e+01  3.630781e+06 -2.128169e-01 
 3.715352e+06  6.574428e+01  3.715352e+06 -2.177047e-01 
 3.801894e+06  6.573791e+01  3.801894e+06 -2.226955e-01 
 3.890451e+06  6.573127e+01  3.890451e+06 -2.277912e-01 
 3.981072e+06  6.572434e+01  3.981072e+06 -2.329936e-01 
 4.073803e+06  6.571711e+01  4.073803e+06 -2.383045e-01 
 4.168694e+06  6.570958e+01  4.168694e+06 -2.437259e-01 
 4.265795e+06  6.570173e+01  4.265795e+06 -2.492595e-01 
 4.365158e+06  6.569355e+01  4.365158e+06 -2.549072e-01 
 4.466836e+06  6.568503e+01  4.466836e+06 -2.606709e-01 
 4.570882e+06  6.567615e+01  4.570882e+06 -2.665525e-01 
 4.677351e+06  6.566691e+01  4.677351e+06 -2.725537e-01 
 4.786301e+06  6.565729e+01  4.786301e+06 -2.786764e-01 
 4.897788e+06  6.564728e+01  4.897788e+06 -2.849226e-01 
 5.011872e+06  6.563686e+01  5.011872e+06 -2.912939e-01 
 5.128614e+06  6.562602e+01  5.128614e+06 -2.977922e-01 
 5.248075e+06  6.561475e+01  5.248075e+06 -3.044194e-01 
 5.370318e+06  6.560303e+01  5.370318e+06 -3.111771e-01 
 5.495409e+06  6.559085e+01  5.495409e+06 -3.180673e-01 
 5.623413e+06  6.557820e+01  5.623413e+06 -3.250915e-01 
 5.754399e+06  6.556506e+01  5.754399e+06 -3.322516e-01 
 5.888437e+06  6.555141e+01  5.888437e+06 -3.395492e-01 
 6.025596e+06  6.553725e+01  6.025596e+06 -3.469861e-01 
 6.165950e+06  6.552257e+01  6.165950e+06 -3.545639e-01 
 6.309573e+06  6.550733e+01  6.309573e+06 -3.622842e-01 
 6.456542e+06  6.549154e+01  6.456542e+06 -3.701487e-01 
 6.606934e+06  6.547518e+01  6.606934e+06 -3.781590e-01 
 6.760830e+06  6.545823e+01  6.760830e+06 -3.863166e-01 
 6.918310e+06  6.544068e+01  6.918310e+06 -3.946231e-01 
 7.079458e+06  6.542252e+01  7.079458e+06 -4.030801e-01 
 7.244360e+06  6.540375e+01  7.244360e+06 -4.116890e-01 
 7.413102e+06  6.538433e+01  7.413102e+06 -4.204513e-01 
 7.585776e+06  6.536427e+01  7.585776e+06 -4.293686e-01 
 7.762471e+06  6.534356e+01  7.762471e+06 -4.384423e-01 
 7.943282e+06  6.532218e+01  7.943282e+06 -4.476740e-01 
 8.128305e+06  6.530013e+01  8.128305e+06 -4.570650e-01 
 8.317638e+06  6.527740e+01  8.317638e+06 -4.666171e-01 
 8.511380e+06  6.525398e+01  8.511380e+06 -4.763316e-01 
 8.709636e+06  6.522986e+01  8.709636e+06 -4.862102e-01 
 8.912509e+06  6.520505e+01  8.912509e+06 -4.962545e-01 
 9.120108e+06  6.517953e+01  9.120108e+06 -5.064662e-01 
 9.332543e+06  6.515331e+01  9.332543e+06 -5.168470e-01 
 9.549926e+06  6.512639e+01  9.549926e+06 -5.273989e-01 
 9.772372e+06  6.509876e+01  9.772372e+06 -5.381238e-01 
 1.000000e+07  6.507043e+01  1.000000e+07 -5.490239e-01 
 1.023293e+07  6.504141e+01  1.023293e+07 -5.601012e-01 
 1.047129e+07  6.501169e+01  1.047129e+07 -5.713585e-01 
 1.071519e+07  6.498129e+01  1.071519e+07 -5.827981e-01 
 1.096478e+07  6.495022e+01  1.096478e+07 -5.944232e-01 
 1.122018e+07  6.491848e+01  1.122018e+07 -6.062367e-01 
 1.148154e+07  6.488609e+01  1.148154e+07 -6.182422e-01 
 1.174898e+07  6.485307e+01  1.174898e+07 -6.304435e-01 
 1.202264e+07  6.481942e+01  1.202264e+07 -6.428446e-01 
 1.230269e+07  6.478518e+01  1.230269e+07 -6.554502e-01 
 1.258925e+07  6.475034e+01  1.258925e+07 -6.682652e-01 
 1.288250e+07  6.471495e+01  1.288250e+07 -6.812953e-01 
 1.318257e+07  6.467901e+01  1.318257e+07 -6.945465e-01 
 1.348963e+07  6.464255e+01  1.348963e+07 -7.080253e-01 
 1.380384e+07  6.460560e+01  1.380384e+07 -7.217392e-01 
 1.412538e+07  6.456817e+01  1.412538e+07 -7.356962e-01 
 1.445440e+07  6.453029e+01  1.445440e+07 -7.499050e-01 
 1.479108e+07  6.449199e+01  1.479108e+07 -7.643751e-01 
 1.513561e+07  6.445328e+01  1.513561e+07 -7.791170e-01 
 1.548817e+07  6.441418e+01  1.548817e+07 -7.941421e-01 
 1.584893e+07  6.437472e+01  1.584893e+07 -8.094626e-01 
 1.621810e+07  6.433490e+01  1.621810e+07 -8.250920e-01 
 1.659587e+07  6.429475e+01  1.659587e+07 -8.410446e-01 
 1.698244e+07  6.425426e+01  1.698244e+07 -8.573359e-01 
 1.737801e+07  6.421343e+01  1.737801e+07 -8.739828e-01 
 1.778279e+07  6.417226e+01  1.778279e+07 -8.910031e-01 
 1.819701e+07  6.413073e+01  1.819701e+07 -9.084160e-01 
 1.862087e+07  6.408882e+01  1.862087e+07 -9.262419e-01 
 1.905461e+07  6.404648e+01  1.905461e+07 -9.445024e-01 
 1.949845e+07  6.400367e+01  1.949845e+07 -9.632204e-01 
 1.995262e+07  6.396032e+01  1.995262e+07 -9.824200e-01 
 2.041738e+07  6.391634e+01  2.041738e+07 -1.002126e+00 
 2.089296e+07  6.387163e+01  2.089296e+07 -1.022365e+00 
 2.137962e+07  6.382606e+01  2.137962e+07 -1.043164e+00 
 2.187762e+07  6.377947e+01  2.187762e+07 -1.064551e+00 
 2.238721e+07  6.373168e+01  2.238721e+07 -1.086553e+00 
 2.290868e+07  6.368249e+01  2.290868e+07 -1.109200e+00 
 2.344229e+07  6.363164e+01  2.344229e+07 -1.132518e+00 
 2.398833e+07  6.357886e+01  2.398833e+07 -1.156536e+00 
 2.454709e+07  6.352383e+01  2.454709e+07 -1.181280e+00 
 2.511886e+07  6.346618e+01  2.511886e+07 -1.206773e+00 
 2.570396e+07  6.340553e+01  2.570396e+07 -1.233039e+00 
 2.630268e+07  6.334142e+01  2.630268e+07 -1.260094e+00 
 2.691535e+07  6.327339e+01  2.691535e+07 -1.287954e+00 
 2.754229e+07  6.320091e+01  2.754229e+07 -1.316628e+00 
 2.818383e+07  6.312342e+01  2.818383e+07 -1.346118e+00 
 2.884032e+07  6.304036e+01  2.884032e+07 -1.376421e+00 
 2.951209e+07  6.295111e+01  2.951209e+07 -1.407523e+00 
 3.019952e+07  6.285505e+01  3.019952e+07 -1.439404e+00 
 3.090295e+07  6.275156e+01  3.090295e+07 -1.472032e+00 
 3.162278e+07  6.264005e+01  3.162278e+07 -1.505365e+00 
 3.235937e+07  6.251992e+01  3.235937e+07 -1.539350e+00 
 3.311311e+07  6.239066e+01  3.311311e+07 -1.573925e+00 
 3.388442e+07  6.225177e+01  3.388442e+07 -1.609015e+00 
 3.467369e+07  6.210288e+01  3.467369e+07 -1.644537e+00 
 3.548134e+07  6.194370e+01  3.548134e+07 -1.680398e+00 
 3.630781e+07  6.177404e+01  3.630781e+07 -1.716500e+00 
 3.715352e+07  6.159386e+01  3.715352e+07 -1.752740e+00 
 3.801894e+07  6.140324e+01  3.801894e+07 -1.789013e+00 
 3.890451e+07  6.120242e+01  3.890451e+07 -1.825213e+00 
 3.981072e+07  6.099177e+01  3.981072e+07 -1.861240e+00 
 4.073803e+07  6.077179e+01  4.073803e+07 -1.896999e+00 
 4.168694e+07  6.054314e+01  4.168694e+07 -1.932403e+00 
 4.265795e+07  6.030657e+01  4.265795e+07 -1.967378e+00 
 4.365158e+07  6.006295e+01  4.365158e+07 -2.001863e+00 
 4.466836e+07  5.981321e+01  4.466836e+07 -2.035812e+00 
 4.570882e+07  5.955836e+01  4.570882e+07 -2.069197e+00 
 4.677351e+07  5.929945e+01  4.677351e+07 -2.102006e+00 
 4.786301e+07  5.903754e+01  4.786301e+07 -2.134244e+00 
 4.897788e+07  5.877368e+01  4.897788e+07 -2.165938e+00 
 5.011872e+07  5.850891e+01  5.011872e+07 -2.197128e+00 
 5.128614e+07  5.824421e+01  5.128614e+07 -2.227874e+00 
 5.248075e+07  5.798052e+01  5.248075e+07 -2.258252e+00 
 5.370318e+07  5.771868e+01  5.370318e+07 -2.288355e+00 
 5.495409e+07  5.745946e+01  5.495409e+07 -2.318290e+00 
 5.623413e+07  5.720350e+01  5.623413e+07 -2.348177e+00 
 5.754399e+07  5.695135e+01  5.754399e+07 -2.378152e+00 
 5.888437e+07  5.670338e+01  5.888437e+07 -2.408360e+00 
 6.025596e+07  5.645983e+01  6.025596e+07 -2.438958e+00 
 6.165950e+07  5.622079e+01  6.165950e+07 -2.470115e+00 
 6.309573e+07  5.598613e+01  6.309573e+07 -2.502006e+00 
 6.456542e+07  5.575553e+01  6.456542e+07 -2.534812e+00 
 6.606934e+07  5.552844e+01  6.606934e+07 -2.568720e+00 
 6.760830e+07  5.530405e+01  6.760830e+07 -2.603916e+00 
 6.918310e+07  5.508129e+01  6.918310e+07 -2.640584e+00 
 7.079458e+07  5.485880e+01  7.079458e+07 -2.678902e+00 
 7.244360e+07  5.463491e+01  7.244360e+07 -2.719033e+00 
 7.413102e+07  5.440761e+01  7.413102e+07 -2.761122e+00 
 7.585776e+07  5.417463e+01  7.585776e+07 -2.805283e+00 
 7.762471e+07  5.393336e+01  7.762471e+07 -2.851594e+00 
 7.943282e+07  5.368098e+01  7.943282e+07 -2.900087e+00 
 8.128305e+07  5.341445e+01  8.128305e+07 -2.950736e+00 
 8.317638e+07  5.313068e+01  8.317638e+07 -3.003451e+00 
 8.511380e+07  5.282660e+01  8.511380e+07 -3.058073e+00 
 8.709636e+07  5.249934e+01  8.709636e+07 -3.114370e+00 
 8.912509e+07  5.214637e+01  8.912509e+07  3.111144e+00 
 9.120108e+07  5.176564e+01  9.120108e+07  3.052459e+00 
 9.332543e+07  5.135574e+01  9.332543e+07  2.993165e+00 
 9.549926e+07  5.091599e+01  9.549926e+07  2.933695e+00 
 9.772372e+07  5.044644e+01  9.772372e+07  2.874489e+00 
 1.000000e+08  4.994790e+01  1.000000e+08  2.815966e+00 
 1.023293e+08  4.942182e+01  1.023293e+08  2.758514e+00 
 1.047129e+08  4.887020e+01  1.047129e+08  2.702467e+00 
 1.071519e+08  4.829544e+01  1.071519e+08  2.648097e+00 
 1.096478e+08  4.770017e+01  1.096478e+08  2.595612e+00 
 1.122018e+08  4.708713e+01  1.122018e+08  2.545153e+00 
 1.148154e+08  4.645902e+01  1.148154e+08  2.496802e+00 
 1.174898e+08  4.581844e+01  1.174898e+08  2.450584e+00 
 1.202264e+08  4.516776e+01  1.202264e+08  2.406485e+00 
 1.230269e+08  4.450915e+01  1.230269e+08  2.364449e+00 
 1.258925e+08  4.384449e+01  1.258925e+08  2.324400e+00 
 1.288250e+08  4.317542e+01  1.288250e+08  2.286238e+00 
 1.318257e+08  4.250333e+01  1.318257e+08  2.249853e+00 
 1.348963e+08  4.182935e+01  1.348963e+08  2.215129e+00 
 1.380384e+08  4.115442e+01  1.380384e+08  2.181948e+00 
 1.412538e+08  4.047928e+01  1.412538e+08  2.150191e+00 
 1.445440e+08  3.980453e+01  1.445440e+08  2.119743e+00 
 1.479108e+08  3.913060e+01  1.479108e+08  2.090496e+00 
 1.513561e+08  3.845782e+01  1.513561e+08  2.062344e+00 
 1.548817e+08  3.778641e+01  1.548817e+08  2.035192e+00 
 1.584893e+08  3.711652e+01  1.584893e+08  2.008949e+00 
 1.621810e+08  3.644822e+01  1.621810e+08  1.983532e+00 
 1.659587e+08  3.578153e+01  1.659587e+08  1.958862e+00 
 1.698244e+08  3.511644e+01  1.698244e+08  1.934871e+00 
 1.737801e+08  3.445288e+01  1.737801e+08  1.911492e+00 
 1.778279e+08  3.379078e+01  1.778279e+08  1.888667e+00 
 1.819701e+08  3.313002e+01  1.819701e+08  1.866341e+00 
 1.862087e+08  3.247048e+01  1.862087e+08  1.844466e+00 
 1.905461e+08  3.181203e+01  1.905461e+08  1.822995e+00 
 1.949845e+08  3.115453e+01  1.949845e+08  1.801888e+00 
 1.995262e+08  3.049781e+01  1.995262e+08  1.781108e+00 
 2.041738e+08  2.984173e+01  2.041738e+08  1.760618e+00 
 2.089296e+08  2.918613e+01  2.089296e+08  1.740388e+00 
 2.137962e+08  2.853084e+01  2.137962e+08  1.720388e+00 
 2.187762e+08  2.787570e+01  2.187762e+08  1.700592e+00 
 2.238721e+08  2.722055e+01  2.238721e+08  1.680974e+00 
 2.290868e+08  2.656523e+01  2.290868e+08  1.661512e+00 
 2.344229e+08  2.590956e+01  2.344229e+08  1.642183e+00 
 2.398833e+08  2.525340e+01  2.398833e+08  1.622969e+00 
 2.454709e+08  2.459658e+01  2.454709e+08  1.603851e+00 
 2.511886e+08  2.393893e+01  2.511886e+08  1.584811e+00 
 2.570396e+08  2.328029e+01  2.570396e+08  1.565832e+00 
 2.630268e+08  2.262050e+01  2.630268e+08  1.546899e+00 
 2.691535e+08  2.195939e+01  2.691535e+08  1.527997e+00 
 2.754229e+08  2.129681e+01  2.754229e+08  1.509112e+00 
 2.818383e+08  2.063258e+01  2.818383e+08  1.490231e+00 
 2.884032e+08  1.996654e+01  2.884032e+08  1.471340e+00 
 2.951209e+08  1.929853e+01  2.951209e+08  1.452426e+00 
 3.019952e+08  1.862836e+01  3.019952e+08  1.433477e+00 
 3.090295e+08  1.795587e+01  3.090295e+08  1.414480e+00 
 3.162278e+08  1.728089e+01  3.162278e+08  1.395425e+00 
 3.235937e+08  1.660322e+01  3.235937e+08  1.376298e+00 
 3.311311e+08  1.592268e+01  3.311311e+08  1.357087e+00 
 3.388442e+08  1.523909e+01  3.388442e+08  1.337781e+00 
 3.467369e+08  1.455225e+01  3.467369e+08  1.318367e+00 
 3.548134e+08  1.386196e+01  3.548134e+08  1.298832e+00 
 3.630781e+08  1.316801e+01  3.630781e+08  1.279163e+00 
 3.715352e+08  1.247018e+01  3.715352e+08  1.259346e+00 
 3.801894e+08  1.176825e+01  3.801894e+08  1.239368e+00 
 3.890451e+08  1.106198e+01  3.890451e+08  1.219213e+00 
 3.981072e+08  1.035113e+01  3.981072e+08  1.198865e+00 
 4.073803e+08  9.635441e+00  4.073803e+08  1.178307e+00 
 4.168694e+08  8.914644e+00  4.168694e+08  1.157522e+00 
 4.265795e+08  8.188455e+00  4.265795e+08  1.136488e+00 
 4.365158e+08  7.456575e+00  4.365158e+08  1.115185e+00 
 4.466836e+08  6.718686e+00  4.466836e+08  1.093590e+00 
 4.570882e+08  5.974452e+00  4.570882e+08  1.071676e+00 
 4.677351e+08  5.223518e+00  4.677351e+08  1.049415e+00 
 4.786301e+08  4.465502e+00  4.786301e+08  1.026775e+00 
 4.897788e+08  3.700000e+00  4.897788e+08  1.003722e+00 
 5.011872e+08  2.926580e+00  5.011872e+08  9.802160e-01 
 5.128614e+08  2.144778e+00  5.128614e+08  9.562132e-01 
 5.248075e+08  1.354098e+00  5.248075e+08  9.316638e-01 
 5.370318e+08  5.540064e-01  5.370318e+08  9.065115e-01 
 5.495409e+08 -2.560683e-01  5.495409e+08  8.806924e-01 
 5.623413e+08 -1.076741e+00  5.623413e+08  8.541334e-01 
 5.754399e+08 -1.908673e+00  5.754399e+08  8.267508e-01 
 5.888437e+08 -2.752574e+00  5.888437e+08  7.984480e-01 
 6.025596e+08 -3.609204e+00  6.025596e+08  7.691136e-01 
 6.165950e+08 -4.479378e+00  6.165950e+08  7.386181e-01 
 6.309573e+08 -5.363960e+00  6.309573e+08  7.068103e-01 
 6.456542e+08 -6.263865e+00  6.456542e+08  6.735132e-01 
 6.606934e+08 -7.180050e+00  6.606934e+08  6.385182e-01 
 6.760830e+08 -8.113497e+00  6.760830e+08  6.015790e-01 
 6.918310e+08 -9.065191e+00  6.918310e+08  5.624028e-01 
 7.079458e+08 -1.003608e+01  7.079458e+08  5.206409e-01 
 7.244360e+08 -1.102700e+01  7.244360e+08  4.758760e-01 
 7.413102e+08 -1.203860e+01  7.413102e+08  4.276083e-01 
 7.585776e+08 -1.307115e+01  7.585776e+08  3.752383e-01 
 7.762471e+08 -1.412435e+01  7.762471e+08  3.180489e-01 
 7.943282e+08 -1.519693e+01  7.943282e+08  2.551867e-01 
 8.128305e+08 -1.628619e+01  8.128305e+08  1.856495e-01 
 8.317638e+08 -1.738727e+01  8.317638e+08  1.082858e-01 
 8.511380e+08 -1.849218e+01  8.511380e+08  2.182428e-02 
 8.709636e+08 -1.958860e+01  8.709636e+08 -7.504160e-02 
 8.912509e+08 -2.065868e+01  8.912509e+08 -1.834789e-01 
 9.120108e+08 -2.167821e+01  9.120108e+08 -3.042140e-01 
 9.332543e+08 -2.261719e+01  9.332543e+08 -4.371046e-01 
 9.549926e+08 -2.344278e+01  9.549926e+08 -5.806720e-01 
 9.772372e+08 -2.412538e+01  9.772372e+08 -7.318211e-01 
 1.000000e+09 -2.464635e+01  1.000000e+09 -8.860337e-01 
 1.023293e+09 -2.500395e+01  1.023293e+09 -1.038148e+00 
 1.047129e+09 -2.521393e+01  1.047129e+09 -1.183448e+00 
 1.071519e+09 -2.530443e+01  1.071519e+09 -1.318534e+00 
 1.096478e+09 -2.530821e+01  1.096478e+09 -1.441630e+00 
 1.122018e+09 -2.525614e+01  1.122018e+09 -1.552373e+00 
 1.148154e+09 -2.517364e+01  1.148154e+09 -1.651360e+00 
 1.174898e+09 -2.507973e+01  1.174898e+09 -1.739701e+00 
 1.202264e+09 -2.498771e+01  1.202264e+09 -1.818694e+00 
 1.230269e+09 -2.490629e+01  1.230269e+09 -1.889624e+00 
 1.258925e+09 -2.484086e+01  1.258925e+09 -1.953668e+00 
 1.288250e+09 -2.479446e+01  1.288250e+09 -2.011859e+00 
 1.318257e+09 -2.476859e+01  1.318257e+09 -2.065075e+00 
 1.348963e+09 -2.476371e+01  1.348963e+09 -2.114059e+00 
 1.380384e+09 -2.477963e+01  1.380384e+09 -2.159430e+00 
 1.412538e+09 -2.481578e+01  1.412538e+09 -2.201706e+00 
 1.445440e+09 -2.487132e+01  1.445440e+09 -2.241317e+00 
 1.479108e+09 -2.494535e+01  1.479108e+09 -2.278624e+00 
 1.513561e+09 -2.503686e+01  1.513561e+09 -2.313930e+00 
 1.548817e+09 -2.514489e+01  1.548817e+09 -2.347487e+00 
 1.584893e+09 -2.526845e+01  1.584893e+09 -2.379512e+00 
 1.621810e+09 -2.540664e+01  1.621810e+09 -2.410186e+00 
 1.659587e+09 -2.555857e+01  1.659587e+09 -2.439664e+00 
 1.698244e+09 -2.572342e+01  1.698244e+09 -2.468080e+00 
 1.737801e+09 -2.590041e+01  1.737801e+09 -2.495547e+00 
 1.778279e+09 -2.608883e+01  1.778279e+09 -2.522166e+00 
 1.819701e+09 -2.628801e+01  1.819701e+09 -2.548021e+00 
 1.862087e+09 -2.649732e+01  1.862087e+09 -2.573187e+00 
 1.905461e+09 -2.671618e+01  1.905461e+09 -2.597729e+00 
 1.949845e+09 -2.694404e+01  1.949845e+09 -2.621706e+00 
 1.995262e+09 -2.718042e+01  1.995262e+09 -2.645168e+00 
 2.041738e+09 -2.742483e+01  2.041738e+09 -2.668160e+00 
 2.089296e+09 -2.767684e+01  2.089296e+09 -2.690722e+00 
 2.137962e+09 -2.793604e+01  2.137962e+09 -2.712890e+00 
 2.187762e+09 -2.820205e+01  2.187762e+09 -2.734696e+00 
 2.238721e+09 -2.847451e+01  2.238721e+09 -2.756168e+00 
 2.290868e+09 -2.875308e+01  2.290868e+09 -2.777334e+00 
 2.344229e+09 -2.903745e+01  2.344229e+09 -2.798218e+00 
 2.398833e+09 -2.932733e+01  2.398833e+09 -2.818840e+00 
 2.454709e+09 -2.962242e+01  2.454709e+09 -2.839221e+00 
 2.511886e+09 -2.992247e+01  2.511886e+09 -2.859380e+00 
 2.570396e+09 -3.022723e+01  2.570396e+09 -2.879335e+00 
 2.630268e+09 -3.053646e+01  2.630268e+09 -2.899100e+00 
 2.691535e+09 -3.084993e+01  2.691535e+09 -2.918691e+00 
 2.754229e+09 -3.116743e+01  2.754229e+09 -2.938122e+00 
 2.818383e+09 -3.148877e+01  2.818383e+09 -2.957408e+00 
 2.884032e+09 -3.181374e+01  2.884032e+09 -2.976560e+00 
 2.951209e+09 -3.214217e+01  2.951209e+09 -2.995590e+00 
 3.019952e+09 -3.247388e+01  3.019952e+09 -3.014512e+00 
 3.090295e+09 -3.280871e+01  3.090295e+09 -3.033336e+00 
 3.162278e+09 -3.314649e+01  3.162278e+09 -3.052073e+00 
 3.235937e+09 -3.348708e+01  3.235937e+09 -3.070734e+00 
 3.311311e+09 -3.383033e+01  3.311311e+09 -3.089329e+00 
 3.388442e+09 -3.417611e+01  3.388442e+09 -3.107870e+00 
 3.467369e+09 -3.452428e+01  3.467369e+09 -3.126366e+00 
 3.548134e+09 -3.487472e+01  3.548134e+09  3.138358e+00 
 3.630781e+09 -3.522732e+01  3.630781e+09  3.119922e+00 
 3.715352e+09 -3.558195e+01  3.715352e+09  3.101500e+00 
 3.801894e+09 -3.593851e+01  3.801894e+09  3.083083e+00 
 3.890451e+09 -3.629689e+01  3.890451e+09  3.064661e+00 
 3.981072e+09 -3.665701e+01  3.981072e+09  3.046224e+00 
 4.073803e+09 -3.701877e+01  4.073803e+09  3.027763e+00 
 4.168694e+09 -3.738209e+01  4.168694e+09  3.009268e+00 
 4.265795e+09 -3.774688e+01  4.265795e+09  2.990730e+00 
 4.365158e+09 -3.811306e+01  4.365158e+09  2.972139e+00 
 4.466836e+09 -3.848057e+01  4.466836e+09  2.953485e+00 
 4.570882e+09 -3.884934e+01  4.570882e+09  2.934759e+00 
 4.677351e+09 -3.921931e+01  4.677351e+09  2.915952e+00 
 4.786301e+09 -3.959041e+01  4.786301e+09  2.897055e+00 
 4.897788e+09 -3.996260e+01  4.897788e+09  2.878059e+00 
 5.011872e+09 -4.033584e+01  5.011872e+09  2.858955e+00 
 5.128614e+09 -4.071007e+01  5.128614e+09  2.839734e+00 
 5.248075e+09 -4.108526e+01  5.248075e+09  2.820388e+00 
 5.370318e+09 -4.146137e+01  5.370318e+09  2.800908e+00 
 5.495409e+09 -4.183837e+01  5.495409e+09  2.781287e+00 
 5.623413e+09 -4.221624e+01  5.623413e+09  2.761516e+00 
 5.754399e+09 -4.259495e+01  5.754399e+09  2.741589e+00 
 5.888437e+09 -4.297449e+01  5.888437e+09  2.721499e+00 
 6.025596e+09 -4.335484e+01  6.025596e+09  2.701239e+00 
 6.165950e+09 -4.373598e+01  6.165950e+09  2.680802e+00 
 6.309573e+09 -4.411791e+01  6.309573e+09  2.660183e+00 
 6.456542e+09 -4.450062e+01  6.456542e+09  2.639376e+00 
 6.606934e+09 -4.488411e+01  6.606934e+09  2.618378e+00 
 6.760830e+09 -4.526838e+01  6.760830e+09  2.597183e+00 
 6.918310e+09 -4.565343e+01  6.918310e+09  2.575787e+00 
 7.079458e+09 -4.603926e+01  7.079458e+09  2.554188e+00 
 7.244360e+09 -4.642588e+01  7.244360e+09  2.532383e+00 
 7.413102e+09 -4.681329e+01  7.413102e+09  2.510369e+00 
 7.585776e+09 -4.720150e+01  7.585776e+09  2.488147e+00 
 7.762471e+09 -4.759053e+01  7.762471e+09  2.465714e+00 
 7.943282e+09 -4.798037e+01  7.943282e+09  2.443071e+00 
 8.128305e+09 -4.837105e+01  8.128305e+09  2.420218e+00 
 8.317638e+09 -4.876256e+01  8.317638e+09  2.397157e+00 
 8.511380e+09 -4.915492e+01  8.511380e+09  2.373890e+00 
 8.709636e+09 -4.954814e+01  8.709636e+09  2.350419e+00 
 8.912509e+09 -4.994223e+01  8.912509e+09  2.326747e+00 
 9.120108e+09 -5.033718e+01  9.120108e+09  2.302879e+00 
 9.332543e+09 -5.073302e+01  9.332543e+09  2.278820e+00 
 9.549926e+09 -5.112974e+01  9.549926e+09  2.254574e+00 
 9.772372e+09 -5.152735e+01  9.772372e+09  2.230147e+00 
 1.000000e+10 -5.192585e+01  1.000000e+10  2.205546e+00 
 1.023293e+10 -5.232523e+01  1.023293e+10  2.180779e+00 
 1.047129e+10 -5.272550e+01  1.047129e+10  2.155852e+00 
 1.071519e+10 -5.312666e+01  1.071519e+10  2.130775e+00 
 1.096478e+10 -5.352868e+01  1.096478e+10  2.105556e+00 
 1.122018e+10 -5.393158e+01  1.122018e+10  2.080204e+00 
 1.148154e+10 -5.433533e+01  1.148154e+10  2.054729e+00 
 1.174898e+10 -5.473992e+01  1.174898e+10  2.029142e+00 
 1.202264e+10 -5.514533e+01  1.202264e+10  2.003453e+00 
 1.230269e+10 -5.555156e+01  1.230269e+10  1.977673e+00 
 1.258925e+10 -5.595857e+01  1.258925e+10  1.951814e+00 
 1.288250e+10 -5.636635e+01  1.288250e+10  1.925887e+00 
 1.318257e+10 -5.677486e+01  1.318257e+10  1.899904e+00 
 1.348963e+10 -5.718409e+01  1.348963e+10  1.873877e+00 
 1.380384e+10 -5.759401e+01  1.380384e+10  1.847820e+00 
 1.412538e+10 -5.800459e+01  1.412538e+10  1.821743e+00 
 1.445440e+10 -5.841578e+01  1.445440e+10  1.795660e+00 
 1.479108e+10 -5.882757e+01  1.479108e+10  1.769584e+00 
 1.513561e+10 -5.923992e+01  1.513561e+10  1.743527e+00 
 1.548817e+10 -5.965279e+01  1.548817e+10  1.717502e+00 
 1.584893e+10 -6.006615e+01  1.584893e+10  1.691522e+00 
 1.621810e+10 -6.047996e+01  1.621810e+10  1.665599e+00 
 1.659587e+10 -6.089418e+01  1.659587e+10  1.639746e+00 
 1.698244e+10 -6.130877e+01  1.698244e+10  1.613976e+00 
 1.737801e+10 -6.172371e+01  1.737801e+10  1.588299e+00 
 1.778279e+10 -6.213894e+01  1.778279e+10  1.562730e+00 
 1.819701e+10 -6.255444e+01  1.819701e+10  1.537278e+00 
 1.862087e+10 -6.297017e+01  1.862087e+10  1.511957e+00 
 1.905461e+10 -6.338608e+01  1.905461e+10  1.486777e+00 
 1.949845e+10 -6.380215e+01  1.949845e+10  1.461748e+00 
 1.995262e+10 -6.421834e+01  1.995262e+10  1.436882e+00 
 2.041738e+10 -6.463462e+01  2.041738e+10  1.412189e+00 
 2.089296e+10 -6.505095e+01  2.089296e+10  1.387679e+00 
 2.137962e+10 -6.546730e+01  2.137962e+10  1.363361e+00 
 2.187762e+10 -6.588364e+01  2.187762e+10  1.339245e+00 
 2.238721e+10 -6.629994e+01  2.238721e+10  1.315339e+00 
 2.290868e+10 -6.671618e+01  2.290868e+10  1.291651e+00 
 2.344229e+10 -6.713232e+01  2.344229e+10  1.268190e+00 
 2.398833e+10 -6.754835e+01  2.398833e+10  1.244962e+00 
 2.454709e+10 -6.796424e+01  2.454709e+10  1.221975e+00 
 2.511886e+10 -6.837997e+01  2.511886e+10  1.199235e+00 
 2.570396e+10 -6.879552e+01  2.570396e+10  1.176749e+00 
 2.630268e+10 -6.921086e+01  2.630268e+10  1.154522e+00 
 2.691535e+10 -6.962599e+01  2.691535e+10  1.132560e+00 
 2.754229e+10 -7.004089e+01  2.754229e+10  1.110866e+00 
 2.818383e+10 -7.045554e+01  2.818383e+10  1.089447e+00 
 2.884032e+10 -7.086993e+01  2.884032e+10  1.068304e+00 
 2.951209e+10 -7.128405e+01  2.951209e+10  1.047443e+00 
 3.019952e+10 -7.169789e+01  3.019952e+10  1.026866e+00 
 3.090295e+10 -7.211144e+01  3.090295e+10  1.006576e+00 
 3.162278e+10 -7.252470e+01  3.162278e+10  9.865754e-01 
 3.235937e+10 -7.293766e+01  3.235937e+10  9.668658e-01 
 3.311311e+10 -7.335031e+01  3.311311e+10  9.474490e-01 
 3.388442e+10 -7.376264e+01  3.388442e+10  9.283263e-01 
 3.467369e+10 -7.417467e+01  3.467369e+10  9.094984e-01 
 3.548134e+10 -7.458638e+01  3.548134e+10  8.909661e-01 
 3.630781e+10 -7.499778e+01  3.630781e+10  8.727295e-01 
 3.715352e+10 -7.540886e+01  3.715352e+10  8.547886e-01 
 3.801894e+10 -7.581962e+01  3.801894e+10  8.371430e-01 
 3.890451e+10 -7.623008e+01  3.890451e+10  8.197920e-01 
 3.981072e+10 -7.664022e+01  3.981072e+10  8.027349e-01 
 4.073803e+10 -7.705005e+01  4.073803e+10  7.859704e-01 
 4.168694e+10 -7.745958e+01  4.168694e+10  7.694971e-01 
 4.265795e+10 -7.786881e+01  4.265795e+10  7.533136e-01 
 4.365158e+10 -7.827775e+01  4.365158e+10  7.374179e-01 
 4.466836e+10 -7.868639e+01  4.466836e+10  7.218081e-01 
 4.570882e+10 -7.909474e+01  4.570882e+10  7.064820e-01 
 4.677351e+10 -7.950281e+01  4.677351e+10  6.914372e-01 
 4.786301e+10 -7.991061e+01  4.786301e+10  6.766713e-01 
 4.897788e+10 -8.031814e+01  4.897788e+10  6.621815e-01 
 5.011872e+10 -8.072540e+01  5.011872e+10  6.479652e-01 
 5.128614e+10 -8.113241e+01  5.128614e+10  6.340193e-01 
 5.248075e+10 -8.153916e+01  5.248075e+10  6.203409e-01 
 5.370318e+10 -8.194567e+01  5.370318e+10  6.069268e-01 
 5.495409e+10 -8.235194e+01  5.495409e+10  5.937739e-01 
 5.623413e+10 -8.275798e+01  5.623413e+10  5.808789e-01 
 5.754399e+10 -8.316379e+01  5.754399e+10  5.682383e-01 
 5.888437e+10 -8.356939e+01  5.888437e+10  5.558487e-01 
 6.025596e+10 -8.397477e+01  6.025596e+10  5.437067e-01 
 6.165950e+10 -8.437994e+01  6.165950e+10  5.318088e-01 
 6.309573e+10 -8.478492e+01  6.309573e+10  5.201513e-01 
 6.456542e+10 -8.518970e+01  6.456542e+10  5.087306e-01 
 6.606934e+10 -8.559430e+01  6.606934e+10  4.975432e-01 
 6.760830e+10 -8.599871e+01  6.760830e+10  4.865853e-01 
 6.918310e+10 -8.640295e+01  6.918310e+10  4.758534e-01 
 7.079458e+10 -8.680702e+01  7.079458e+10  4.653436e-01 
 7.244360e+10 -8.721092e+01  7.244360e+10  4.550524e-01 
 7.413102e+10 -8.761467e+01  7.413102e+10  4.449761e-01 
 7.585776e+10 -8.801827e+01  7.585776e+10  4.351110e-01 
 7.762471e+10 -8.842172e+01  7.762471e+10  4.254534e-01 
 7.943282e+10 -8.882503e+01  7.943282e+10  4.159997e-01 
 8.128305e+10 -8.922821e+01  8.128305e+10  4.067462e-01 
 8.317638e+10 -8.963125e+01  8.317638e+10  3.976894e-01 
 8.511380e+10 -9.003417e+01  8.511380e+10  3.888256e-01 
 8.709636e+10 -9.043696e+01  8.709636e+10  3.801513e-01 
 8.912509e+10 -9.083964e+01  8.912509e+10  3.716630e-01 
 9.120108e+10 -9.124221e+01  9.120108e+10  3.633572e-01 
 9.332543e+10 -9.164467e+01  9.332543e+10  3.552304e-01 
 9.549926e+10 -9.204702e+01  9.549926e+10  3.472791e-01 
 9.772372e+10 -9.244928e+01  9.772372e+10  3.395001e-01 
 1.000000e+11 -9.285144e+01  1.000000e+11  3.318899e-01 
