 1.000000e+05  3.899073e+01  1.000000e+05  3.138872e+00 
 1.023293e+05  3.899074e+01  1.023293e+05  3.138809e+00 
 1.047129e+05  3.899074e+01  1.047129e+05  3.138744e+00 
 1.071519e+05  3.899075e+01  1.071519e+05  3.138677e+00 
 1.096478e+05  3.899076e+01  1.096478e+05  3.138609e+00 
 1.122018e+05  3.899077e+01  1.122018e+05  3.138540e+00 
 1.148154e+05  3.899077e+01  1.148154e+05  3.138469e+00 
 1.174898e+05  3.899078e+01  1.174898e+05  3.138396e+00 
 1.202264e+05  3.899079e+01  1.202264e+05  3.138322e+00 
 1.230269e+05  3.899080e+01  1.230269e+05  3.138245e+00 
 1.258925e+05  3.899081e+01  1.258925e+05  3.138167e+00 
 1.288250e+05  3.899082e+01  1.288250e+05  3.138088e+00 
 1.318257e+05  3.899083e+01  1.318257e+05  3.138006e+00 
 1.348963e+05  3.899084e+01  1.348963e+05  3.137922e+00 
 1.380384e+05  3.899086e+01  1.380384e+05  3.137837e+00 
 1.412538e+05  3.899087e+01  1.412538e+05  3.137750e+00 
 1.445440e+05  3.899088e+01  1.445440e+05  3.137660e+00 
 1.479108e+05  3.899090e+01  1.479108e+05  3.137568e+00 
 1.513561e+05  3.899091e+01  1.513561e+05  3.137475e+00 
 1.548817e+05  3.899093e+01  1.548817e+05  3.137379e+00 
 1.584893e+05  3.899094e+01  1.584893e+05  3.137281e+00 
 1.621810e+05  3.899096e+01  1.621810e+05  3.137180e+00 
 1.659587e+05  3.899098e+01  1.659587e+05  3.137077e+00 
 1.698244e+05  3.899099e+01  1.698244e+05  3.136972e+00 
 1.737801e+05  3.899101e+01  1.737801e+05  3.136864e+00 
 1.778279e+05  3.899103e+01  1.778279e+05  3.136754e+00 
 1.819701e+05  3.899105e+01  1.819701e+05  3.136642e+00 
 1.862087e+05  3.899108e+01  1.862087e+05  3.136526e+00 
 1.905461e+05  3.899110e+01  1.905461e+05  3.136408e+00 
 1.949845e+05  3.899112e+01  1.949845e+05  3.136287e+00 
 1.995262e+05  3.899115e+01  1.995262e+05  3.136164e+00 
 2.041738e+05  3.899118e+01  2.041738e+05  3.136037e+00 
 2.089296e+05  3.899120e+01  2.089296e+05  3.135908e+00 
 2.137962e+05  3.899123e+01  2.137962e+05  3.135776e+00 
 2.187762e+05  3.899126e+01  2.187762e+05  3.135640e+00 
 2.238721e+05  3.899129e+01  2.238721e+05  3.135501e+00 
 2.290868e+05  3.899133e+01  2.290868e+05  3.135359e+00 
 2.344229e+05  3.899136e+01  2.344229e+05  3.135214e+00 
 2.398833e+05  3.899140e+01  2.398833e+05  3.135066e+00 
 2.454709e+05  3.899144e+01  2.454709e+05  3.134914e+00 
 2.511886e+05  3.899148e+01  2.511886e+05  3.134758e+00 
 2.570396e+05  3.899152e+01  2.570396e+05  3.134599e+00 
 2.630268e+05  3.899156e+01  2.630268e+05  3.134436e+00 
 2.691535e+05  3.899161e+01  2.691535e+05  3.134269e+00 
 2.754229e+05  3.899166e+01  2.754229e+05  3.134098e+00 
 2.818383e+05  3.899171e+01  2.818383e+05  3.133924e+00 
 2.884032e+05  3.899176e+01  2.884032e+05  3.133745e+00 
 2.951209e+05  3.899182e+01  2.951209e+05  3.133562e+00 
 3.019952e+05  3.899187e+01  3.019952e+05  3.133375e+00 
 3.090295e+05  3.899193e+01  3.090295e+05  3.133184e+00 
 3.162278e+05  3.899200e+01  3.162278e+05  3.132988e+00 
 3.235937e+05  3.899206e+01  3.235937e+05  3.132787e+00 
 3.311311e+05  3.899213e+01  3.311311e+05  3.132582e+00 
 3.388442e+05  3.899221e+01  3.388442e+05  3.132372e+00 
 3.467369e+05  3.899228e+01  3.467369e+05  3.132157e+00 
 3.548134e+05  3.899236e+01  3.548134e+05  3.131937e+00 
 3.630781e+05  3.899245e+01  3.630781e+05  3.131712e+00 
 3.715352e+05  3.899254e+01  3.715352e+05  3.131482e+00 
 3.801894e+05  3.899263e+01  3.801894e+05  3.131246e+00 
 3.890451e+05  3.899272e+01  3.890451e+05  3.131005e+00 
 3.981072e+05  3.899282e+01  3.981072e+05  3.130758e+00 
 4.073803e+05  3.899293e+01  4.073803e+05  3.130506e+00 
 4.168694e+05  3.899304e+01  4.168694e+05  3.130247e+00 
 4.265795e+05  3.899316e+01  4.265795e+05  3.129983e+00 
 4.365158e+05  3.899328e+01  4.365158e+05  3.129712e+00 
 4.466836e+05  3.899340e+01  4.466836e+05  3.129435e+00 
 4.570882e+05  3.899354e+01  4.570882e+05  3.129152e+00 
 4.677351e+05  3.899367e+01  4.677351e+05  3.128862e+00 
 4.786301e+05  3.899382e+01  4.786301e+05  3.128565e+00 
 4.897788e+05  3.899397e+01  4.897788e+05  3.128261e+00 
 5.011872e+05  3.899413e+01  5.011872e+05  3.127951e+00 
 5.128614e+05  3.899430e+01  5.128614e+05  3.127632e+00 
 5.248075e+05  3.899447e+01  5.248075e+05  3.127307e+00 
 5.370318e+05  3.899466e+01  5.370318e+05  3.126974e+00 
 5.495409e+05  3.899485e+01  5.495409e+05  3.126633e+00 
 5.623413e+05  3.899505e+01  5.623413e+05  3.126284e+00 
 5.754399e+05  3.899526e+01  5.754399e+05  3.125927e+00 
 5.888437e+05  3.899548e+01  5.888437e+05  3.125562e+00 
 6.025596e+05  3.899571e+01  6.025596e+05  3.125188e+00 
 6.165950e+05  3.899595e+01  6.165950e+05  3.124805e+00 
 6.309573e+05  3.899621e+01  6.309573e+05  3.124413e+00 
 6.456542e+05  3.899647e+01  6.456542e+05  3.124013e+00 
 6.606934e+05  3.899675e+01  6.606934e+05  3.123602e+00 
 6.760830e+05  3.899704e+01  6.760830e+05  3.123183e+00 
 6.918310e+05  3.899734e+01  6.918310e+05  3.122753e+00 
 7.079458e+05  3.899766e+01  7.079458e+05  3.122313e+00 
 7.244360e+05  3.899799e+01  7.244360e+05  3.121863e+00 
 7.413102e+05  3.899834e+01  7.413102e+05  3.121403e+00 
 7.585776e+05  3.899871e+01  7.585776e+05  3.120932e+00 
 7.762471e+05  3.899909e+01  7.762471e+05  3.120449e+00 
 7.943282e+05  3.899949e+01  7.943282e+05  3.119955e+00 
 8.128305e+05  3.899991e+01  8.128305e+05  3.119450e+00 
 8.317638e+05  3.900035e+01  8.317638e+05  3.118933e+00 
 8.511380e+05  3.900081e+01  8.511380e+05  3.118404e+00 
 8.709636e+05  3.900129e+01  8.709636e+05  3.117862e+00 
 8.912509e+05  3.900180e+01  8.912509e+05  3.117308e+00 
 9.120108e+05  3.900233e+01  9.120108e+05  3.116740e+00 
 9.332543e+05  3.900288e+01  9.332543e+05  3.116159e+00 
 9.549926e+05  3.900346e+01  9.549926e+05  3.115565e+00 
 9.772372e+05  3.900407e+01  9.772372e+05  3.114956e+00 
 1.000000e+06  3.900470e+01  1.000000e+06  3.114334e+00 
 1.023293e+06  3.900537e+01  1.023293e+06  3.113696e+00 
 1.047129e+06  3.900606e+01  1.047129e+06  3.113044e+00 
 1.071519e+06  3.900679e+01  1.071519e+06  3.112376e+00 
 1.096478e+06  3.900756e+01  1.096478e+06  3.111692e+00 
 1.122018e+06  3.900836e+01  1.122018e+06  3.110992e+00 
 1.148154e+06  3.900920e+01  1.148154e+06  3.110276e+00 
 1.174898e+06  3.901007e+01  1.174898e+06  3.109542e+00 
 1.202264e+06  3.901099e+01  1.202264e+06  3.108792e+00 
 1.230269e+06  3.901195e+01  1.230269e+06  3.108023e+00 
 1.258925e+06  3.901296e+01  1.258925e+06  3.107237e+00 
 1.288250e+06  3.901402e+01  1.288250e+06  3.106431e+00 
 1.318257e+06  3.901512e+01  1.318257e+06  3.105607e+00 
 1.348963e+06  3.901628e+01  1.348963e+06  3.104763e+00 
 1.380384e+06  3.901749e+01  1.380384e+06  3.103898e+00 
 1.412538e+06  3.901876e+01  1.412538e+06  3.103014e+00 
 1.445440e+06  3.902009e+01  1.445440e+06  3.102108e+00 
 1.479108e+06  3.902148e+01  1.479108e+06  3.101180e+00 
 1.513561e+06  3.902293e+01  1.513561e+06  3.100231e+00 
 1.548817e+06  3.902446e+01  1.548817e+06  3.099259e+00 
 1.584893e+06  3.902606e+01  1.584893e+06  3.098263e+00 
 1.621810e+06  3.902773e+01  1.621810e+06  3.097243e+00 
 1.659587e+06  3.902948e+01  1.659587e+06  3.096200e+00 
 1.698244e+06  3.903132e+01  1.698244e+06  3.095130e+00 
 1.737801e+06  3.903324e+01  1.737801e+06  3.094036e+00 
 1.778279e+06  3.903525e+01  1.778279e+06  3.092914e+00 
 1.819701e+06  3.903736e+01  1.819701e+06  3.091766e+00 
 1.862087e+06  3.903956e+01  1.862087e+06  3.090590e+00 
 1.905461e+06  3.904187e+01  1.905461e+06  3.089385e+00 
 1.949845e+06  3.904429e+01  1.949845e+06  3.088152e+00 
 1.995262e+06  3.904683e+01  1.995262e+06  3.086888e+00 
 2.041738e+06  3.904948e+01  2.041738e+06  3.085593e+00 
 2.089296e+06  3.905226e+01  2.089296e+06  3.084267e+00 
 2.137962e+06  3.905517e+01  2.137962e+06  3.082908e+00 
 2.187762e+06  3.905822e+01  2.187762e+06  3.081516e+00 
 2.238721e+06  3.906141e+01  2.238721e+06  3.080090e+00 
 2.290868e+06  3.906475e+01  2.290868e+06  3.078628e+00 
 2.344229e+06  3.906826e+01  2.344229e+06  3.077130e+00 
 2.398833e+06  3.907192e+01  2.398833e+06  3.075595e+00 
 2.454709e+06  3.907576e+01  2.454709e+06  3.074023e+00 
 2.511886e+06  3.907978e+01  2.511886e+06  3.072410e+00 
 2.570396e+06  3.908400e+01  2.570396e+06  3.070758e+00 
 2.630268e+06  3.908841e+01  2.630268e+06  3.069064e+00 
 2.691535e+06  3.909303e+01  2.691535e+06  3.067327e+00 
 2.754229e+06  3.909787e+01  2.754229e+06  3.065547e+00 
 2.818383e+06  3.910293e+01  2.818383e+06  3.063721e+00 
 2.884032e+06  3.910824e+01  2.884032e+06  3.061849e+00 
 2.951209e+06  3.911380e+01  2.951209e+06  3.059929e+00 
 3.019952e+06  3.911962e+01  3.019952e+06  3.057960e+00 
 3.090295e+06  3.912572e+01  3.090295e+06  3.055940e+00 
 3.162278e+06  3.913211e+01  3.162278e+06  3.053867e+00 
 3.235937e+06  3.913880e+01  3.235937e+06  3.051741e+00 
 3.311311e+06  3.914580e+01  3.311311e+06  3.049559e+00 
 3.388442e+06  3.915314e+01  3.388442e+06  3.047320e+00 
 3.467369e+06  3.916083e+01  3.467369e+06  3.045022e+00 
 3.548134e+06  3.916888e+01  3.548134e+06  3.042663e+00 
 3.630781e+06  3.917731e+01  3.630781e+06  3.040240e+00 
 3.715352e+06  3.918615e+01  3.715352e+06  3.037753e+00 
 3.801894e+06  3.919540e+01  3.801894e+06  3.035198e+00 
 3.890451e+06  3.920510e+01  3.890451e+06  3.032574e+00 
 3.981072e+06  3.921525e+01  3.981072e+06  3.029878e+00 
 4.073803e+06  3.922589e+01  4.073803e+06  3.027108e+00 
 4.168694e+06  3.923703e+01  4.168694e+06  3.024260e+00 
 4.265795e+06  3.924870e+01  4.265795e+06  3.021333e+00 
 4.365158e+06  3.926093e+01  4.365158e+06  3.018324e+00 
 4.466836e+06  3.927374e+01  4.466836e+06  3.015228e+00 
 4.570882e+06  3.928716e+01  4.570882e+06  3.012045e+00 
 4.677351e+06  3.930122e+01  4.677351e+06  3.008768e+00 
 4.786301e+06  3.931595e+01  4.786301e+06  3.005397e+00 
 4.897788e+06  3.933138e+01  4.897788e+06  3.001926e+00 
 5.011872e+06  3.934754e+01  5.011872e+06  2.998352e+00 
 5.128614e+06  3.936448e+01  5.128614e+06  2.994670e+00 
 5.248075e+06  3.938223e+01  5.248075e+06  2.990877e+00 
 5.370318e+06  3.940082e+01  5.370318e+06  2.986967e+00 
 5.495409e+06  3.942030e+01  5.495409e+06  2.982936e+00 
 5.623413e+06  3.944071e+01  5.623413e+06  2.978778e+00 
 5.754399e+06  3.946209e+01  5.754399e+06  2.974489e+00 
 5.888437e+06  3.948450e+01  5.888437e+06  2.970061e+00 
 6.025596e+06  3.950798e+01  6.025596e+06  2.965490e+00 
 6.165950e+06  3.953258e+01  6.165950e+06  2.960768e+00 
 6.309573e+06  3.955836e+01  6.309573e+06  2.955888e+00 
 6.456542e+06  3.958537e+01  6.456542e+06  2.950842e+00 
 6.606934e+06  3.961367e+01  6.606934e+06  2.945624e+00 
 6.760830e+06  3.964333e+01  6.760830e+06  2.940223e+00 
 6.918310e+06  3.967441e+01  6.918310e+06  2.934631e+00 
 7.079458e+06  3.970697e+01  7.079458e+06  2.928839e+00 
 7.244360e+06  3.974109e+01  7.244360e+06  2.922834e+00 
 7.413102e+06  3.977684e+01  7.413102e+06  2.916607e+00 
 7.585776e+06  3.981430e+01  7.585776e+06  2.910145e+00 
 7.762471e+06  3.985355e+01  7.762471e+06  2.903435e+00 
 7.943282e+06  3.989467e+01  7.943282e+06  2.896463e+00 
 8.128305e+06  3.993775e+01  8.128305e+06  2.889213e+00 
 8.317638e+06  3.998288e+01  8.317638e+06  2.881670e+00 
 8.511380e+06  4.003015e+01  8.511380e+06  2.873815e+00 
 8.709636e+06  4.007967e+01  8.709636e+06  2.865630e+00 
 8.912509e+06  4.013153e+01  8.912509e+06  2.857093e+00 
 9.120108e+06  4.018583e+01  9.120108e+06  2.848183e+00 
 9.332543e+06  4.024269e+01  9.332543e+06  2.838874e+00 
 9.549926e+06  4.030220e+01  9.549926e+06  2.829141e+00 
 9.772372e+06  4.036449e+01  9.772372e+06  2.818954e+00 
 1.000000e+07  4.042965e+01  1.000000e+07  2.808283e+00 
 1.023293e+07  4.049781e+01  1.023293e+07  2.797092e+00 
 1.047129e+07  4.056908e+01  1.047129e+07  2.785346e+00 
 1.071519e+07  4.064356e+01  1.071519e+07  2.773002e+00 
 1.096478e+07  4.072137e+01  1.096478e+07  2.760016e+00 
 1.122018e+07  4.080259e+01  1.122018e+07  2.746340e+00 
 1.148154e+07  4.088732e+01  1.148154e+07  2.731920e+00 
 1.174898e+07  4.097564e+01  1.174898e+07  2.716698e+00 
 1.202264e+07  4.106761e+01  1.202264e+07  2.700610e+00 
 1.230269e+07  4.116328e+01  1.230269e+07  2.683586e+00 
 1.258925e+07  4.126264e+01  1.258925e+07  2.665549e+00 
 1.288250e+07  4.136569e+01  1.288250e+07  2.646415e+00 
 1.318257e+07  4.147235e+01  1.318257e+07  2.626092e+00 
 1.348963e+07  4.158250e+01  1.348963e+07  2.604481e+00 
 1.380384e+07  4.169594e+01  1.380384e+07  2.581471e+00 
 1.412538e+07  4.181239e+01  1.412538e+07  2.556946e+00 
 1.445440e+07  4.193146e+01  1.445440e+07  2.530777e+00 
 1.479108e+07  4.205263e+01  1.479108e+07  2.502827e+00 
 1.513561e+07  4.217522e+01  1.513561e+07  2.472951e+00 
 1.548817e+07  4.229835e+01  1.548817e+07  2.440995e+00 
 1.584893e+07  4.242094e+01  1.584893e+07  2.406800e+00 
 1.621810e+07  4.254162e+01  1.621810e+07  2.370204e+00 
 1.659587e+07  4.265873e+01  1.659587e+07  2.331045e+00 
 1.698244e+07  4.277026e+01  1.698244e+07  2.289172e+00 
 1.737801e+07  4.287384e+01  1.737801e+07  2.244445e+00 
 1.778279e+07  4.296669e+01  1.778279e+07  2.196755e+00 
 1.819701e+07  4.304562e+01  1.819701e+07  2.146027e+00 
 1.862087e+07  4.310707e+01  1.862087e+07  2.092240e+00 
 1.905461e+07  4.314719e+01  1.905461e+07  2.035441e+00 
 1.949845e+07  4.316188e+01  1.949845e+07  1.975760e+00 
 1.995262e+07  4.314706e+01  1.995262e+07  1.913420e+00 
 2.041738e+07  4.309876e+01  2.041738e+07  1.848750e+00 
 2.089296e+07  4.301347e+01  2.089296e+07  1.782180e+00 
 2.137962e+07  4.288835e+01  2.137962e+07  1.714233e+00 
 2.187762e+07  4.272143e+01  2.187762e+07  1.645506e+00 
 2.238721e+07  4.251184e+01  2.238721e+07  1.576640e+00 
 2.290868e+07  4.225988e+01  2.290868e+07  1.508285e+00 
 2.344229e+07  4.196695e+01  2.344229e+07  1.441065e+00 
 2.398833e+07  4.163546e+01  2.398833e+07  1.375544e+00 
 2.454709e+07  4.126862e+01  2.454709e+07  1.312203e+00 
 2.511886e+07  4.087019e+01  2.511886e+07  1.251422e+00 
 2.570396e+07  4.044423e+01  2.570396e+07  1.193480e+00 
 2.630268e+07  3.999486e+01  2.630268e+07  1.138555e+00 
 2.691535e+07  3.952607e+01  2.691535e+07  1.086733e+00 
 2.754229e+07  3.904160e+01  2.754229e+07  1.038028e+00 
 2.818383e+07  3.854482e+01  2.818383e+07  9.923904e-01 
 2.884032e+07  3.803873e+01  2.884032e+07  9.497282e-01 
 2.951209e+07  3.752592e+01  2.951209e+07  9.099156e-01 
 3.019952e+07  3.700859e+01  3.019952e+07  8.728068e-01 
 3.090295e+07  3.648858e+01  3.090295e+07  8.382446e-01 
 3.162278e+07  3.596739e+01  3.162278e+07  8.060673e-01 
 3.235937e+07  3.544627e+01  3.235937e+07  7.761142e-01 
 3.311311e+07  3.492619e+01  3.311311e+07  7.482288e-01 
 3.388442e+07  3.440794e+01  3.388442e+07  7.222618e-01 
 3.467369e+07  3.389211e+01  3.467369e+07  6.980718e-01 
 3.548134e+07  3.337917e+01  3.548134e+07  6.755270e-01 
 3.630781e+07  3.286946e+01  3.630781e+07  6.545047e-01 
 3.715352e+07  3.236322e+01  3.715352e+07  6.348918e-01 
 3.801894e+07  3.186061e+01  3.801894e+07  6.165842e-01 
 3.890451e+07  3.136174e+01  3.890451e+07  5.994864e-01 
 3.981072e+07  3.086664e+01  3.981072e+07  5.835111e-01 
 4.073803e+07  3.037534e+01  4.073803e+07  5.685786e-01 
 4.168694e+07  2.988781e+01  4.168694e+07  5.546162e-01 
 4.265795e+07  2.940400e+01  4.265795e+07  5.415573e-01 
 4.365158e+07  2.892384e+01  4.365158e+07  5.293416e-01 
 4.466836e+07  2.844727e+01  4.466836e+07  5.179140e-01 
 4.570882e+07  2.797418e+01  4.570882e+07  5.072240e-01 
 4.677351e+07  2.750447e+01  4.677351e+07  4.972258e-01 
 4.786301e+07  2.703806e+01  4.786301e+07  4.878777e-01 
 4.897788e+07  2.657483e+01  4.897788e+07  4.791413e-01 
 5.011872e+07  2.611468e+01  5.011872e+07  4.709818e-01 
 5.128614e+07  2.565750e+01  5.128614e+07  4.633672e-01 
 5.248075e+07  2.520318e+01  5.248075e+07  4.562684e-01 
 5.370318e+07  2.475163e+01  5.370318e+07  4.496586e-01 
 5.495409e+07  2.430274e+01  5.495409e+07  4.435132e-01 
 5.623413e+07  2.385642e+01  5.623413e+07  4.378100e-01 
 5.754399e+07  2.341256e+01  5.754399e+07  4.325282e-01 
 5.888437e+07  2.297108e+01  5.888437e+07  4.276489e-01 
 6.025596e+07  2.253189e+01  6.025596e+07  4.231548e-01 
 6.165950e+07  2.209491e+01  6.165950e+07  4.190299e-01 
 6.309573e+07  2.166005e+01  6.309573e+07  4.152595e-01 
 6.456542e+07  2.122723e+01  6.456542e+07  4.118300e-01 
 6.606934e+07  2.079639e+01  6.606934e+07  4.087291e-01 
 6.760830e+07  2.036745e+01  6.760830e+07  4.059452e-01 
 6.918310e+07  1.994035e+01  6.918310e+07  4.034677e-01 
 7.079458e+07  1.951501e+01  7.079458e+07  4.012871e-01 
 7.244360e+07  1.909140e+01  7.244360e+07  3.993942e-01 
 7.413102e+07  1.866943e+01  7.413102e+07  3.977807e-01 
 7.585776e+07  1.824907e+01  7.585776e+07  3.964392e-01 
 7.762471e+07  1.783026e+01  7.762471e+07  3.953625e-01 
 7.943282e+07  1.741296e+01  7.943282e+07  3.945442e-01 
 8.128305e+07  1.699711e+01  8.128305e+07  3.939782e-01 
 8.317638e+07  1.658269e+01  8.317638e+07  3.936592e-01 
 8.511380e+07  1.616964e+01  8.511380e+07  3.935820e-01 
 8.709636e+07  1.575794e+01  8.709636e+07  3.937420e-01 
 8.912509e+07  1.534756e+01  8.912509e+07  3.941349e-01 
 9.120108e+07  1.493845e+01  9.120108e+07  3.947569e-01 
 9.332543e+07  1.453059e+01  9.332543e+07  3.956042e-01 
 9.549926e+07  1.412395e+01  9.549926e+07  3.966738e-01 
 9.772372e+07  1.371852e+01  9.772372e+07  3.979624e-01 
 1.000000e+08  1.331426e+01  1.000000e+08  3.994675e-01 
 1.023293e+08  1.291117e+01  1.023293e+08  4.011865e-01 
 1.047129e+08  1.250921e+01  1.047129e+08  4.031172e-01 
 1.071519e+08  1.210838e+01  1.071519e+08  4.052575e-01 
 1.096478e+08  1.170867e+01  1.096478e+08  4.076056e-01 
 1.122018e+08  1.131005e+01  1.122018e+08  4.101600e-01 
 1.148154e+08  1.091252e+01  1.148154e+08  4.129190e-01 
 1.174898e+08  1.051608e+01  1.174898e+08  4.158814e-01 
 1.202264e+08  1.012071e+01  1.202264e+08  4.190462e-01 
 1.230269e+08  9.726420e+00  1.230269e+08  4.224121e-01 
 1.258925e+08  9.333197e+00  1.258925e+08  4.259785e-01 
 1.288250e+08  8.941043e+00  1.288250e+08  4.297445e-01 
 1.318257e+08  8.549960e+00  1.318257e+08  4.337095e-01 
 1.348963e+08  8.159951e+00  1.348963e+08  4.378729e-01 
 1.380384e+08  7.771019e+00  1.380384e+08  4.422343e-01 
 1.412538e+08  7.383173e+00  1.412538e+08  4.467934e-01 
 1.445440e+08  6.996419e+00  1.445440e+08  4.515498e-01 
 1.479108e+08  6.610767e+00  1.479108e+08  4.565032e-01 
 1.513561e+08  6.226228e+00  1.513561e+08  4.616536e-01 
 1.548817e+08  5.842816e+00  1.548817e+08  4.670007e-01 
 1.584893e+08  5.460545e+00  1.584893e+08  4.725444e-01 
 1.621810e+08  5.079431e+00  1.621810e+08  4.782847e-01 
 1.659587e+08  4.699492e+00  1.659587e+08  4.842214e-01 
 1.698244e+08  4.320748e+00  1.698244e+08  4.903545e-01 
 1.737801e+08  3.943218e+00  1.737801e+08  4.966839e-01 
 1.778279e+08  3.566926e+00  1.778279e+08  5.032094e-01 
 1.819701e+08  3.191896e+00  1.819701e+08  5.099310e-01 
 1.862087e+08  2.818153e+00  1.862087e+08  5.168485e-01 
 1.905461e+08  2.445725e+00  1.905461e+08  5.239616e-01 
 1.949845e+08  2.074638e+00  1.949845e+08  5.312701e-01 
 1.995262e+08  1.704923e+00  1.995262e+08  5.387735e-01 
 2.041738e+08  1.336612e+00  2.041738e+08  5.464715e-01 
 2.089296e+08  9.697361e-01  2.089296e+08  5.543635e-01 
 2.137962e+08  6.043291e-01  2.137962e+08  5.624489e-01 
 2.187762e+08  2.404258e-01  2.187762e+08  5.707270e-01 
 2.238721e+08 -1.219380e-01  2.238721e+08  5.791967e-01 
 2.290868e+08 -4.827254e-01  2.290868e+08  5.878573e-01 
 2.344229e+08 -8.418985e-01  2.344229e+08  5.967075e-01 
 2.398833e+08 -1.199418e+00  2.398833e+08  6.057460e-01 
 2.454709e+08 -1.555246e+00  2.454709e+08  6.149713e-01 
 2.511886e+08 -1.909340e+00  2.511886e+08  6.243820e-01 
 2.570396e+08 -2.261661e+00  2.570396e+08  6.339761e-01 
 2.630268e+08 -2.612166e+00  2.630268e+08  6.437517e-01 
 2.691535e+08 -2.960814e+00  2.691535e+08  6.537066e-01 
 2.754229e+08 -3.307563e+00  2.754229e+08  6.638385e-01 
 2.818383e+08 -3.652369e+00  2.818383e+08  6.741448e-01 
 2.884032e+08 -3.995191e+00  2.884032e+08  6.846228e-01 
 2.951209e+08 -4.335986e+00  2.951209e+08  6.952695e-01 
 3.019952e+08 -4.674711e+00  3.019952e+08  7.060818e-01 
 3.090295e+08 -5.011324e+00  3.090295e+08  7.170562e-01 
 3.162278e+08 -5.345783e+00  3.162278e+08  7.281892e-01 
 3.235937e+08 -5.678046e+00  3.235937e+08  7.394769e-01 
 3.311311e+08 -6.008073e+00  3.311311e+08  7.509154e-01 
 3.388442e+08 -6.335824e+00  3.388442e+08  7.625004e-01 
 3.467369e+08 -6.661259e+00  3.467369e+08  7.742275e-01 
 3.548134e+08 -6.984340e+00  3.548134e+08  7.860921e-01 
 3.630781e+08 -7.305030e+00  3.630781e+08  7.980893e-01 
 3.715352e+08 -7.623292e+00  3.715352e+08  8.102141e-01 
 3.801894e+08 -7.939091e+00  3.801894e+08  8.224613e-01 
 3.890451e+08 -8.252394e+00  3.890451e+08  8.348255e-01 
 3.981072e+08 -8.563169e+00  3.981072e+08  8.473012e-01 
 4.073803e+08 -8.871385e+00  4.073803e+08  8.598827e-01 
 4.168694e+08 -9.177014e+00  4.168694e+08  8.725640e-01 
 4.265795e+08 -9.480028e+00  4.265795e+08  8.853392e-01 
 4.365158e+08 -9.780402e+00  4.365158e+08  8.982022e-01 
 4.466836e+08 -1.007811e+01  4.466836e+08  9.111467e-01 
 4.570882e+08 -1.037314e+01  4.570882e+08  9.241663e-01 
 4.677351e+08 -1.066546e+01  4.677351e+08  9.372546e-01 
 4.786301e+08 -1.095506e+01  4.786301e+08  9.504051e-01 
 4.897788e+08 -1.124192e+01  4.897788e+08  9.636110e-01 
 5.011872e+08 -1.152602e+01  5.011872e+08  9.768659e-01 
 5.128614e+08 -1.180737e+01  5.128614e+08  9.901629e-01 
 5.248075e+08 -1.208594e+01  5.248075e+08  1.003495e+00 
 5.370318e+08 -1.236172e+01  5.370318e+08  1.016856e+00 
 5.495409e+08 -1.263473e+01  5.495409e+08  1.030239e+00 
 5.623413e+08 -1.290494e+01  5.623413e+08  1.043637e+00 
 5.754399e+08 -1.317236e+01  5.754399e+08  1.057043e+00 
 5.888437e+08 -1.343698e+01  5.888437e+08  1.070451e+00 
 6.025596e+08 -1.369882e+01  6.025596e+08  1.083854e+00 
 6.165950e+08 -1.395787e+01  6.165950e+08  1.097244e+00 
 6.309573e+08 -1.421414e+01  6.309573e+08  1.110616e+00 
 6.456542e+08 -1.446763e+01  6.456542e+08  1.123963e+00 
 6.606934e+08 -1.471836e+01  6.606934e+08  1.137278e+00 
 6.760830e+08 -1.496634e+01  6.760830e+08  1.150555e+00 
 6.918310e+08 -1.521157e+01  6.918310e+08  1.163787e+00 
 7.079458e+08 -1.545408e+01  7.079458e+08  1.176967e+00 
 7.244360e+08 -1.569387e+01  7.244360e+08  1.190091e+00 
 7.413102e+08 -1.593097e+01  7.413102e+08  1.203150e+00 
 7.585776e+08 -1.616539e+01  7.585776e+08  1.216140e+00 
 7.762471e+08 -1.639715e+01  7.762471e+08  1.229054e+00 
 7.943282e+08 -1.662627e+01  7.943282e+08  1.241885e+00 
 8.128305e+08 -1.685278e+01  8.128305e+08  1.254629e+00 
 8.317638e+08 -1.707669e+01  8.317638e+08  1.267278e+00 
 8.511380e+08 -1.729803e+01  8.511380e+08  1.279828e+00 
 8.709636e+08 -1.751682e+01  8.709636e+08  1.292272e+00 
 8.912509e+08 -1.773310e+01  8.912509e+08  1.304605e+00 
 9.120108e+08 -1.794689e+01  9.120108e+08  1.316821e+00 
 9.332543e+08 -1.815822e+01  9.332543e+08  1.328914e+00 
 9.549926e+08 -1.836713e+01  9.549926e+08  1.340879e+00 
 9.772372e+08 -1.857363e+01  9.772372e+08  1.352710e+00 
 1.000000e+09 -1.877776e+01  1.000000e+09  1.364402e+00 
