 1.000000e+00 -3.366779e+01  1.000000e+00 -1.573081e+00 
 1.023293e+00 -3.346779e+01  1.023293e+00 -1.573135e+00 
 1.047129e+00 -3.326779e+01  1.047129e+00 -1.573189e+00 
 1.071519e+00 -3.306779e+01  1.071519e+00 -1.573245e+00 
 1.096478e+00 -3.286780e+01  1.096478e+00 -1.573302e+00 
 1.122018e+00 -3.266780e+01  1.122018e+00 -1.573360e+00 
 1.148154e+00 -3.246780e+01  1.148154e+00 -1.573420e+00 
 1.174898e+00 -3.226780e+01  1.174898e+00 -1.573481e+00 
 1.202264e+00 -3.206780e+01  1.202264e+00 -1.573544e+00 
 1.230269e+00 -3.186780e+01  1.230269e+00 -1.573608e+00 
 1.258925e+00 -3.166780e+01  1.258925e+00 -1.573673e+00 
 1.288250e+00 -3.146781e+01  1.288250e+00 -1.573740e+00 
 1.318257e+00 -3.126781e+01  1.318257e+00 -1.573809e+00 
 1.348963e+00 -3.106781e+01  1.348963e+00 -1.573879e+00 
 1.380384e+00 -3.086781e+01  1.380384e+00 -1.573951e+00 
 1.412538e+00 -3.066781e+01  1.412538e+00 -1.574024e+00 
 1.445440e+00 -3.046782e+01  1.445440e+00 -1.574099e+00 
 1.479108e+00 -3.026782e+01  1.479108e+00 -1.574176e+00 
 1.513561e+00 -3.006782e+01  1.513561e+00 -1.574255e+00 
 1.548817e+00 -2.986782e+01  1.548817e+00 -1.574336e+00 
 1.584893e+00 -2.966783e+01  1.584893e+00 -1.574418e+00 
 1.621810e+00 -2.946783e+01  1.621810e+00 -1.574502e+00 
 1.659587e+00 -2.926783e+01  1.659587e+00 -1.574589e+00 
 1.698244e+00 -2.906783e+01  1.698244e+00 -1.574677e+00 
 1.737801e+00 -2.886784e+01  1.737801e+00 -1.574767e+00 
 1.778279e+00 -2.866784e+01  1.778279e+00 -1.574860e+00 
 1.819701e+00 -2.846784e+01  1.819701e+00 -1.574954e+00 
 1.862087e+00 -2.826785e+01  1.862087e+00 -1.575051e+00 
 1.905461e+00 -2.806785e+01  1.905461e+00 -1.575150e+00 
 1.949845e+00 -2.786785e+01  1.949845e+00 -1.575252e+00 
 1.995262e+00 -2.766786e+01  1.995262e+00 -1.575356e+00 
 2.041738e+00 -2.746786e+01  2.041738e+00 -1.575462e+00 
 2.089296e+00 -2.726787e+01  2.089296e+00 -1.575571e+00 
 2.137962e+00 -2.706787e+01  2.137962e+00 -1.575682e+00 
 2.187762e+00 -2.686788e+01  2.187762e+00 -1.575796e+00 
 2.238721e+00 -2.666788e+01  2.238721e+00 -1.575912e+00 
 2.290868e+00 -2.646789e+01  2.290868e+00 -1.576031e+00 
 2.344229e+00 -2.626789e+01  2.344229e+00 -1.576153e+00 
 2.398833e+00 -2.606790e+01  2.398833e+00 -1.576278e+00 
 2.454709e+00 -2.586791e+01  2.454709e+00 -1.576406e+00 
 2.511886e+00 -2.566791e+01  2.511886e+00 -1.576536e+00 
 2.570396e+00 -2.546792e+01  2.570396e+00 -1.576670e+00 
 2.630268e+00 -2.526793e+01  2.630268e+00 -1.576807e+00 
 2.691535e+00 -2.506793e+01  2.691535e+00 -1.576947e+00 
 2.754229e+00 -2.486794e+01  2.754229e+00 -1.577090e+00 
 2.818383e+00 -2.466795e+01  2.818383e+00 -1.577237e+00 
 2.884032e+00 -2.446796e+01  2.884032e+00 -1.577387e+00 
 2.951209e+00 -2.426797e+01  2.951209e+00 -1.577540e+00 
 3.019952e+00 -2.406798e+01  3.019952e+00 -1.577697e+00 
 3.090295e+00 -2.386798e+01  3.090295e+00 -1.577858e+00 
 3.162278e+00 -2.366799e+01  3.162278e+00 -1.578022e+00 
 3.235937e+00 -2.346801e+01  3.235937e+00 -1.578191e+00 
 3.311311e+00 -2.326802e+01  3.311311e+00 -1.578363e+00 
 3.388442e+00 -2.306803e+01  3.388442e+00 -1.578539e+00 
 3.467369e+00 -2.286804e+01  3.467369e+00 -1.578719e+00 
 3.548134e+00 -2.266805e+01  3.548134e+00 -1.578904e+00 
 3.630781e+00 -2.246807e+01  3.630781e+00 -1.579093e+00 
 3.715352e+00 -2.226808e+01  3.715352e+00 -1.579286e+00 
 3.801894e+00 -2.206810e+01  3.801894e+00 -1.579484e+00 
 3.890451e+00 -2.186811e+01  3.890451e+00 -1.579686e+00 
 3.981072e+00 -2.166813e+01  3.981072e+00 -1.579893e+00 
 4.073803e+00 -2.146814e+01  4.073803e+00 -1.580105e+00 
 4.168694e+00 -2.126816e+01  4.168694e+00 -1.580322e+00 
 4.265795e+00 -2.106818e+01  4.265795e+00 -1.580544e+00 
 4.365158e+00 -2.086820e+01  4.365158e+00 -1.580771e+00 
 4.466836e+00 -2.066822e+01  4.466836e+00 -1.581003e+00 
 4.570882e+00 -2.046824e+01  4.570882e+00 -1.581241e+00 
 4.677351e+00 -2.026826e+01  4.677351e+00 -1.581484e+00 
 4.786301e+00 -2.006829e+01  4.786301e+00 -1.581733e+00 
 4.897788e+00 -1.986831e+01  4.897788e+00 -1.581988e+00 
 5.011872e+00 -1.966834e+01  5.011872e+00 -1.582248e+00 
 5.128614e+00 -1.946836e+01  5.128614e+00 -1.582515e+00 
 5.248075e+00 -1.926839e+01  5.248075e+00 -1.582788e+00 
 5.370318e+00 -1.906842e+01  5.370318e+00 -1.583067e+00 
 5.495409e+00 -1.886845e+01  5.495409e+00 -1.583353e+00 
 5.623413e+00 -1.866848e+01  5.623413e+00 -1.583646e+00 
 5.754399e+00 -1.846852e+01  5.754399e+00 -1.583945e+00 
 5.888437e+00 -1.826855e+01  5.888437e+00 -1.584251e+00 
 6.025596e+00 -1.806859e+01  6.025596e+00 -1.584565e+00 
 6.165950e+00 -1.786863e+01  6.165950e+00 -1.584885e+00 
 6.309573e+00 -1.766867e+01  6.309573e+00 -1.585213e+00 
 6.456542e+00 -1.746871e+01  6.456542e+00 -1.585549e+00 
 6.606934e+00 -1.726876e+01  6.606934e+00 -1.585893e+00 
 6.760830e+00 -1.706880e+01  6.760830e+00 -1.586244e+00 
 6.918310e+00 -1.686885e+01  6.918310e+00 -1.586604e+00 
 7.079458e+00 -1.666890e+01  7.079458e+00 -1.586972e+00 
 7.244360e+00 -1.646896e+01  7.244360e+00 -1.587349e+00 
 7.413102e+00 -1.626901e+01  7.413102e+00 -1.587734e+00 
 7.585776e+00 -1.606907e+01  7.585776e+00 -1.588129e+00 
 7.762471e+00 -1.586913e+01  7.762471e+00 -1.588532e+00 
 7.943282e+00 -1.566920e+01  7.943282e+00 -1.588946e+00 
 8.128305e+00 -1.546926e+01  8.128305e+00 -1.589368e+00 
 8.317638e+00 -1.526933e+01  8.317638e+00 -1.589801e+00 
 8.511380e+00 -1.506941e+01  8.511380e+00 -1.590243e+00 
 8.709636e+00 -1.486948e+01  8.709636e+00 -1.590696e+00 
 8.912509e+00 -1.466956e+01  8.912509e+00 -1.591159e+00 
 9.120108e+00 -1.446965e+01  9.120108e+00 -1.591634e+00 
 9.332543e+00 -1.426974e+01  9.332543e+00 -1.592119e+00 
 9.549926e+00 -1.406983e+01  9.549926e+00 -1.592615e+00 
 9.772372e+00 -1.386993e+01  9.772372e+00 -1.593123e+00 
 1.000000e+01 -1.367003e+01  1.000000e+01 -1.593643e+00 
 1.023293e+01 -1.347014e+01  1.023293e+01 -1.594175e+00 
 1.047129e+01 -1.327025e+01  1.047129e+01 -1.594720e+00 
 1.071519e+01 -1.307036e+01  1.071519e+01 -1.595277e+00 
 1.096478e+01 -1.287049e+01  1.096478e+01 -1.595847e+00 
 1.122018e+01 -1.267061e+01  1.122018e+01 -1.596430e+00 
 1.148154e+01 -1.247075e+01  1.148154e+01 -1.597027e+00 
 1.174898e+01 -1.227089e+01  1.174898e+01 -1.597637e+00 
 1.202264e+01 -1.207104e+01  1.202264e+01 -1.598262e+00 
 1.230269e+01 -1.187119e+01  1.230269e+01 -1.598902e+00 
 1.258925e+01 -1.167135e+01  1.258925e+01 -1.599556e+00 
 1.288250e+01 -1.147152e+01  1.288250e+01 -1.600226e+00 
 1.318257e+01 -1.127170e+01  1.318257e+01 -1.600911e+00 
 1.348963e+01 -1.107188e+01  1.348963e+01 -1.601612e+00 
 1.380384e+01 -1.087207e+01  1.380384e+01 -1.602329e+00 
 1.412538e+01 -1.067228e+01  1.412538e+01 -1.603063e+00 
 1.445440e+01 -1.047249e+01  1.445440e+01 -1.603814e+00 
 1.479108e+01 -1.027271e+01  1.479108e+01 -1.604583e+00 
 1.513561e+01 -1.007295e+01  1.513561e+01 -1.605369e+00 
 1.548817e+01 -9.873189e+00  1.548817e+01 -1.606174e+00 
 1.584893e+01 -9.673444e+00  1.584893e+01 -1.606997e+00 
 1.621810e+01 -9.473711e+00  1.621810e+01 -1.607839e+00 
 1.659587e+01 -9.273991e+00  1.659587e+01 -1.608701e+00 
 1.698244e+01 -9.074284e+00  1.698244e+01 -1.609584e+00 
 1.737801e+01 -8.874591e+00  1.737801e+01 -1.610486e+00 
 1.778279e+01 -8.674912e+00  1.778279e+01 -1.611410e+00 
 1.819701e+01 -8.475249e+00  1.819701e+01 -1.612354e+00 
 1.862087e+01 -8.275601e+00  1.862087e+01 -1.613321e+00 
 1.905461e+01 -8.075970e+00  1.905461e+01 -1.614311e+00 
 1.949845e+01 -7.876356e+00  1.949845e+01 -1.615323e+00 
 1.995262e+01 -7.676760e+00  1.995262e+01 -1.616359e+00 
 2.041738e+01 -7.477183e+00  2.041738e+01 -1.617418e+00 
 2.089296e+01 -7.277627e+00  2.089296e+01 -1.618503e+00 
 2.137962e+01 -7.078091e+00  2.137962e+01 -1.619612e+00 
 2.187762e+01 -6.878577e+00  2.187762e+01 -1.620748e+00 
 2.238721e+01 -6.679085e+00  2.238721e+01 -1.621909e+00 
 2.290868e+01 -6.479618e+00  2.290868e+01 -1.623097e+00 
 2.344229e+01 -6.280175e+00  2.344229e+01 -1.624313e+00 
 2.398833e+01 -6.080759e+00  2.398833e+01 -1.625558e+00 
 2.454709e+01 -5.881371e+00  2.454709e+01 -1.626831e+00 
 2.511886e+01 -5.682011e+00  2.511886e+01 -1.628133e+00 
 2.570396e+01 -5.482681e+00  2.570396e+01 -1.629465e+00 
 2.630268e+01 -5.283382e+00  2.630268e+01 -1.630829e+00 
 2.691535e+01 -5.084117e+00  2.691535e+01 -1.632224e+00 
 2.754229e+01 -4.884885e+00  2.754229e+01 -1.633651e+00 
 2.818383e+01 -4.685691e+00  2.818383e+01 -1.635111e+00 
 2.884032e+01 -4.486533e+00  2.884032e+01 -1.636605e+00 
 2.951209e+01 -4.287416e+00  2.951209e+01 -1.638133e+00 
 3.019952e+01 -4.088339e+00  3.019952e+01 -1.639697e+00 
 3.090295e+01 -3.889307e+00  3.090295e+01 -1.641296e+00 
 3.162278e+01 -3.690319e+00  3.162278e+01 -1.642933e+00 
 3.235937e+01 -3.491379e+00  3.235937e+01 -1.644607e+00 
 3.311311e+01 -3.292488e+00  3.311311e+01 -1.646320e+00 
 3.388442e+01 -3.093650e+00  3.388442e+01 -1.648073e+00 
 3.467369e+01 -2.894866e+00  3.467369e+01 -1.649865e+00 
 3.548134e+01 -2.696139e+00  3.548134e+01 -1.651699e+00 
 3.630781e+01 -2.497471e+00  3.630781e+01 -1.653575e+00 
 3.715352e+01 -2.298866e+00  3.715352e+01 -1.655494e+00 
 3.801894e+01 -2.100326e+00  3.801894e+01 -1.657457e+00 
 3.890451e+01 -1.901855e+00  3.890451e+01 -1.659466e+00 
 3.981072e+01 -1.703455e+00  3.981072e+01 -1.661520e+00 
 4.073803e+01 -1.505130e+00  4.073803e+01 -1.663621e+00 
 4.168694e+01 -1.306882e+00  4.168694e+01 -1.665771e+00 
 4.265795e+01 -1.108717e+00  4.265795e+01 -1.667969e+00 
 4.365158e+01 -9.106377e-01  4.365158e+01 -1.670218e+00 
 4.466836e+01 -7.126477e-01  4.466836e+01 -1.672518e+00 
 4.570882e+01 -5.147515e-01  4.570882e+01 -1.674871e+00 
 4.677351e+01 -3.169534e-01  4.677351e+01 -1.677277e+00 
 4.786301e+01 -1.192578e-01  4.786301e+01 -1.679738e+00 
 4.897788e+01  7.833043e-02  4.897788e+01 -1.682256e+00 
 5.011872e+01  2.758064e-01  5.011872e+01 -1.684830e+00 
 5.128614e+01  4.731650e-01  5.128614e+01 -1.687462e+00 
 5.248075e+01  6.704009e-01  5.248075e+01 -1.690155e+00 
 5.370318e+01  8.675083e-01  5.370318e+01 -1.692908e+00 
 5.495409e+01  1.064481e+00  5.495409e+01 -1.695723e+00 
 5.623413e+01  1.261314e+00  5.623413e+01 -1.698602e+00 
 5.754399e+01  1.458000e+00  5.754399e+01 -1.701546e+00 
 5.888437e+01  1.654532e+00  5.888437e+01 -1.704556e+00 
 6.025596e+01  1.850904e+00  6.025596e+01 -1.707634e+00 
 6.165950e+01  2.047109e+00  6.165950e+01 -1.710780e+00 
 6.309573e+01  2.243137e+00  6.309573e+01 -1.713998e+00 
 6.456542e+01  2.438983e+00  6.456542e+01 -1.717287e+00 
 6.606934e+01  2.634637e+00  6.606934e+01 -1.720649e+00 
 6.760830e+01  2.830090e+00  6.760830e+01 -1.724086e+00 
 6.918310e+01  3.025335e+00  6.918310e+01 -1.727599e+00 
 7.079458e+01  3.220361e+00  7.079458e+01 -1.731191e+00 
 7.244360e+01  3.415158e+00  7.244360e+01 -1.734861e+00 
 7.413102e+01  3.609717e+00  7.413102e+01 -1.738613e+00 
 7.585776e+01  3.804027e+00  7.585776e+01 -1.742447e+00 
 7.762471e+01  3.998076e+00  7.762471e+01 -1.746365e+00 
 7.943282e+01  4.191854e+00  7.943282e+01 -1.750369e+00 
 8.128305e+01  4.385347e+00  8.128305e+01 -1.754460e+00 
 8.317638e+01  4.578545e+00  8.317638e+01 -1.758640e+00 
 8.511380e+01  4.771433e+00  8.511380e+01 -1.762911e+00 
 8.709636e+01  4.963998e+00  8.709636e+01 -1.767274e+00 
 8.912509e+01  5.156227e+00  8.912509e+01 -1.771730e+00 
 9.120108e+01  5.348104e+00  9.120108e+01 -1.776283e+00 
 9.332543e+01  5.539614e+00  9.332543e+01 -1.780932e+00 
 9.549926e+01  5.730742e+00  9.549926e+01 -1.785680e+00 
 9.772372e+01  5.921470e+00  9.772372e+01 -1.790529e+00 
 1.000000e+02  6.111783e+00  1.000000e+02 -1.795480e+00 
 1.023293e+02  6.301662e+00  1.023293e+02 -1.800534e+00 
 1.047129e+02  6.491089e+00  1.047129e+02 -1.805695e+00 
 1.071519e+02  6.680045e+00  1.071519e+02 -1.810962e+00 
 1.096478e+02  6.868511e+00  1.096478e+02 -1.816338e+00 
 1.122018e+02  7.056465e+00  1.122018e+02 -1.821825e+00 
 1.148154e+02  7.243887e+00  1.148154e+02 -1.827423e+00 
 1.174898e+02  7.430754e+00  1.174898e+02 -1.833135e+00 
 1.202264e+02  7.617045e+00  1.202264e+02 -1.838962e+00 
 1.230269e+02  7.802736e+00  1.230269e+02 -1.844906e+00 
 1.258925e+02  7.987802e+00  1.258925e+02 -1.850968e+00 
 1.288250e+02  8.172218e+00  1.288250e+02 -1.857149e+00 
 1.318257e+02  8.355959e+00  1.318257e+02 -1.863452e+00 
 1.348963e+02  8.538999e+00  1.348963e+02 -1.869876e+00 
 1.380384e+02  8.721309e+00  1.380384e+02 -1.876425e+00 
 1.412538e+02  8.902862e+00  1.412538e+02 -1.883098e+00 
 1.445440e+02  9.083628e+00  1.445440e+02 -1.889897e+00 
 1.479108e+02  9.263578e+00  1.479108e+02 -1.896823e+00 
 1.513561e+02  9.442681e+00  1.513561e+02 -1.903877e+00 
 1.548817e+02  9.620905e+00  1.548817e+02 -1.911061e+00 
 1.584893e+02  9.798218e+00  1.584893e+02 -1.918374e+00 
 1.621810e+02  9.974588e+00  1.621810e+02 -1.925818e+00 
 1.659587e+02  1.014998e+01  1.659587e+02 -1.933394e+00 
 1.698244e+02  1.032436e+01  1.698244e+02 -1.941101e+00 
 1.737801e+02  1.049769e+01  1.737801e+02 -1.948941e+00 
 1.778279e+02  1.066994e+01  1.778279e+02 -1.956913e+00 
 1.819701e+02  1.084107e+01  1.819701e+02 -1.965019e+00 
 1.862087e+02  1.101103e+01  1.862087e+02 -1.973257e+00 
 1.905461e+02  1.117981e+01  1.905461e+02 -1.981628e+00 
 1.949845e+02  1.134735e+01  1.949845e+02 -1.990132e+00 
 1.995262e+02  1.151361e+01  1.995262e+02 -1.998768e+00 
 2.041738e+02  1.167856e+01  2.041738e+02 -2.007536e+00 
 2.089296e+02  1.184216e+01  2.089296e+02 -2.016434e+00 
 2.137962e+02  1.200436e+01  2.137962e+02 -2.025463e+00 
 2.187762e+02  1.216513e+01  2.187762e+02 -2.034621e+00 
 2.238721e+02  1.232443e+01  2.238721e+02 -2.043907e+00 
 2.290868e+02  1.248221e+01  2.290868e+02 -2.053319e+00 
 2.344229e+02  1.263843e+01  2.344229e+02 -2.062855e+00 
 2.398833e+02  1.279305e+01  2.398833e+02 -2.072514e+00 
 2.454709e+02  1.294603e+01  2.454709e+02 -2.082294e+00 
 2.511886e+02  1.309734e+01  2.511886e+02 -2.092193e+00 
 2.570396e+02  1.324692e+01  2.570396e+02 -2.102207e+00 
 2.630268e+02  1.339474e+01  2.630268e+02 -2.112334e+00 
 2.691535e+02  1.354077e+01  2.691535e+02 -2.122572e+00 
 2.754229e+02  1.368495e+01  2.754229e+02 -2.132917e+00 
 2.818383e+02  1.382726e+01  2.818383e+02 -2.143366e+00 
 2.884032e+02  1.396766e+01  2.884032e+02 -2.153915e+00 
 2.951209e+02  1.410611e+01  2.951209e+02 -2.164561e+00 
 3.019952e+02  1.424257e+01  3.019952e+02 -2.175299e+00 
 3.090295e+02  1.437701e+01  3.090295e+02 -2.186126e+00 
 3.162278e+02  1.450940e+01  3.162278e+02 -2.197036e+00 
 3.235937e+02  1.463972e+01  3.235937e+02 -2.208026e+00 
 3.311311e+02  1.476792e+01  3.311311e+02 -2.219090e+00 
 3.388442e+02  1.489398e+01  3.388442e+02 -2.230224e+00 
 3.467369e+02  1.501787e+01  3.467369e+02 -2.241423e+00 
 3.548134e+02  1.513958e+01  3.548134e+02 -2.252680e+00 
 3.630781e+02  1.525908e+01  3.630781e+02 -2.263992e+00 
 3.715352e+02  1.537634e+01  3.715352e+02 -2.275351e+00 
 3.801894e+02  1.549135e+01  3.801894e+02 -2.286753e+00 
 3.890451e+02  1.560410e+01  3.890451e+02 -2.298192e+00 
 3.981072e+02  1.571458e+01  3.981072e+02 -2.309662e+00 
 4.073803e+02  1.582276e+01  4.073803e+02 -2.321156e+00 
 4.168694e+02  1.592864e+01  4.168694e+02 -2.332669e+00 
 4.265795e+02  1.603222e+01  4.265795e+02 -2.344195e+00 
 4.365158e+02  1.613349e+01  4.365158e+02 -2.355728e+00 
 4.466836e+02  1.623245e+01  4.466836e+02 -2.367261e+00 
 4.570882e+02  1.632910e+01  4.570882e+02 -2.378788e+00 
 4.677351e+02  1.642344e+01  4.677351e+02 -2.390303e+00 
 4.786301e+02  1.651549e+01  4.786301e+02 -2.401800e+00 
 4.897788e+02  1.660524e+01  4.897788e+02 -2.413274e+00 
 5.011872e+02  1.669272e+01  5.011872e+02 -2.424717e+00 
 5.128614e+02  1.677792e+01  5.128614e+02 -2.436124e+00 
 5.248075e+02  1.686088e+01  5.248075e+02 -2.447489e+00 
 5.370318e+02  1.694160e+01  5.370318e+02 -2.458807e+00 
 5.495409e+02  1.702011e+01  5.495409e+02 -2.470072e+00 
 5.623413e+02  1.709642e+01  5.623413e+02 -2.481279e+00 
 5.754399e+02  1.717057e+01  5.754399e+02 -2.492421e+00 
 5.888437e+02  1.724257e+01  5.888437e+02 -2.503495e+00 
 6.025596e+02  1.731246e+01  6.025596e+02 -2.514495e+00 
 6.165950e+02  1.738026e+01  6.165950e+02 -2.525415e+00 
 6.309573e+02  1.744601e+01  6.309573e+02 -2.536253e+00 
 6.456542e+02  1.750974e+01  6.456542e+02 -2.547003e+00 
 6.606934e+02  1.757147e+01  6.606934e+02 -2.557660e+00 
 6.760830e+02  1.763125e+01  6.760830e+02 -2.568222e+00 
 6.918310e+02  1.768912e+01  6.918310e+02 -2.578684e+00 
 7.079458e+02  1.774510e+01  7.079458e+02 -2.589042e+00 
 7.244360e+02  1.779924e+01  7.244360e+02 -2.599293e+00 
 7.413102e+02  1.785158e+01  7.413102e+02 -2.609435e+00 
 7.585776e+02  1.790215e+01  7.585776e+02 -2.619463e+00 
 7.762471e+02  1.795100e+01  7.762471e+02 -2.629376e+00 
 7.943282e+02  1.799816e+01  7.943282e+02 -2.639171e+00 
 8.128305e+02  1.804367e+01  8.128305e+02 -2.648845e+00 
 8.317638e+02  1.808759e+01  8.317638e+02 -2.658397e+00 
 8.511380e+02  1.812994e+01  8.511380e+02 -2.667824e+00 
 8.709636e+02  1.817077e+01  8.709636e+02 -2.677125e+00 
 8.912509e+02  1.821012e+01  8.912509e+02 -2.686299e+00 
 9.120108e+02  1.824804e+01  9.120108e+02 -2.695344e+00 
 9.332543e+02  1.828455e+01  9.332543e+02 -2.704258e+00 
 9.549926e+02  1.831971e+01  9.549926e+02 -2.713042e+00 
 9.772372e+02  1.835355e+01  9.772372e+02 -2.721694e+00 
 1.000000e+03  1.838611e+01  1.000000e+03 -2.730214e+00 
 1.023293e+03  1.841743e+01  1.023293e+03 -2.738601e+00 
 1.047129e+03  1.844755e+01  1.047129e+03 -2.746856e+00 
 1.071519e+03  1.847652e+01  1.071519e+03 -2.754977e+00 
 1.096478e+03  1.850435e+01  1.096478e+03 -2.762966e+00 
 1.122018e+03  1.853110e+01  1.122018e+03 -2.770822e+00 
 1.148154e+03  1.855680e+01  1.148154e+03 -2.778545e+00 
 1.174898e+03  1.858148e+01  1.174898e+03 -2.786137e+00 
 1.202264e+03  1.860518e+01  1.202264e+03 -2.793597e+00 
 1.230269e+03  1.862794e+01  1.230269e+03 -2.800926e+00 
 1.258925e+03  1.864978e+01  1.258925e+03 -2.808125e+00 
 1.288250e+03  1.867074e+01  1.288250e+03 -2.815195e+00 
 1.318257e+03  1.869085e+01  1.318257e+03 -2.822137e+00 
 1.348963e+03  1.871014e+01  1.348963e+03 -2.828952e+00 
 1.380384e+03  1.872864e+01  1.380384e+03 -2.835641e+00 
 1.412538e+03  1.874638e+01  1.412538e+03 -2.842205e+00 
 1.445440e+03  1.876339e+01  1.445440e+03 -2.848645e+00 
 1.479108e+03  1.877970e+01  1.479108e+03 -2.854963e+00 
 1.513561e+03  1.879533e+01  1.513561e+03 -2.861160e+00 
 1.548817e+03  1.881031e+01  1.548817e+03 -2.867237e+00 
 1.584893e+03  1.882466e+01  1.584893e+03 -2.873196e+00 
 1.621810e+03  1.883841e+01  1.621810e+03 -2.879038e+00 
 1.659587e+03  1.885158e+01  1.659587e+03 -2.884766e+00 
 1.698244e+03  1.886419e+01  1.698244e+03 -2.890379e+00 
 1.737801e+03  1.887627e+01  1.737801e+03 -2.895881e+00 
 1.778279e+03  1.888784e+01  1.778279e+03 -2.901272e+00 
 1.819701e+03  1.889891e+01  1.819701e+03 -2.906554e+00 
 1.862087e+03  1.890951e+01  1.862087e+03 -2.911730e+00 
 1.905461e+03  1.891966e+01  1.905461e+03 -2.916799e+00 
 1.949845e+03  1.892938e+01  1.949845e+03 -2.921765e+00 
 1.995262e+03  1.893868e+01  1.995262e+03 -2.926629e+00 
 2.041738e+03  1.894757e+01  2.041738e+03 -2.931392e+00 
 2.089296e+03  1.895609e+01  2.089296e+03 -2.936056e+00 
 2.137962e+03  1.896423e+01  2.137962e+03 -2.940623e+00 
 2.187762e+03  1.897202e+01  2.187762e+03 -2.945095e+00 
 2.238721e+03  1.897948e+01  2.238721e+03 -2.949473e+00 
 2.290868e+03  1.898661e+01  2.290868e+03 -2.953758e+00 
 2.344229e+03  1.899343e+01  2.344229e+03 -2.957953e+00 
 2.398833e+03  1.899996e+01  2.398833e+03 -2.962059e+00 
 2.454709e+03  1.900620e+01  2.454709e+03 -2.966078e+00 
 2.511886e+03  1.901216e+01  2.511886e+03 -2.970012e+00 
 2.570396e+03  1.901787e+01  2.570396e+03 -2.973861e+00 
 2.630268e+03  1.902332e+01  2.630268e+03 -2.977628e+00 
 2.691535e+03  1.902854e+01  2.691535e+03 -2.981313e+00 
 2.754229e+03  1.903353e+01  2.754229e+03 -2.984920e+00 
 2.818383e+03  1.903830e+01  2.818383e+03 -2.988449e+00 
 2.884032e+03  1.904285e+01  2.884032e+03 -2.991902e+00 
 2.951209e+03  1.904721e+01  2.951209e+03 -2.995279e+00 
 3.019952e+03  1.905138e+01  3.019952e+03 -2.998584e+00 
 3.090295e+03  1.905536e+01  3.090295e+03 -3.001817e+00 
 3.162278e+03  1.905917e+01  3.162278e+03 -3.004980e+00 
 3.235937e+03  1.906280e+01  3.235937e+03 -3.008073e+00 
 3.311311e+03  1.906628e+01  3.311311e+03 -3.011099e+00 
 3.388442e+03  1.906960e+01  3.388442e+03 -3.014060e+00 
 3.467369e+03  1.907278e+01  3.467369e+03 -3.016955e+00 
 3.548134e+03  1.907581e+01  3.548134e+03 -3.019787e+00 
 3.630781e+03  1.907871e+01  3.630781e+03 -3.022557e+00 
 3.715352e+03  1.908148e+01  3.715352e+03 -3.025266e+00 
 3.801894e+03  1.908413e+01  3.801894e+03 -3.027916e+00 
 3.890451e+03  1.908666e+01  3.890451e+03 -3.030508e+00 
 3.981072e+03  1.908908e+01  3.981072e+03 -3.033042e+00 
 4.073803e+03  1.909139e+01  4.073803e+03 -3.035521e+00 
 4.168694e+03  1.909360e+01  4.168694e+03 -3.037945e+00 
 4.265795e+03  1.909571e+01  4.265795e+03 -3.040316e+00 
 4.365158e+03  1.909772e+01  4.365158e+03 -3.042635e+00 
 4.466836e+03  1.909965e+01  4.466836e+03 -3.044902e+00 
 4.570882e+03  1.910149e+01  4.570882e+03 -3.047120e+00 
 4.677351e+03  1.910325e+01  4.677351e+03 -3.049288e+00 
 4.786301e+03  1.910493e+01  4.786301e+03 -3.051409e+00 
 4.897788e+03  1.910653e+01  4.897788e+03 -3.053483e+00 
 5.011872e+03  1.910806e+01  5.011872e+03 -3.055512e+00 
 5.128614e+03  1.910953e+01  5.128614e+03 -3.057495e+00 
 5.248075e+03  1.911092e+01  5.248075e+03 -3.059435e+00 
 5.370318e+03  1.911226e+01  5.370318e+03 -3.061332e+00 
 5.495409e+03  1.911354e+01  5.495409e+03 -3.063187e+00 
 5.623413e+03  1.911475e+01  5.623413e+03 -3.065002e+00 
 5.754399e+03  1.911592e+01  5.754399e+03 -3.066776e+00 
 5.888437e+03  1.911703e+01  5.888437e+03 -3.068511e+00 
 6.025596e+03  1.911809e+01  6.025596e+03 -3.070209e+00 
 6.165950e+03  1.911911e+01  6.165950e+03 -3.071868e+00 
 6.309573e+03  1.912008e+01  6.309573e+03 -3.073492e+00 
 6.456542e+03  1.912100e+01  6.456542e+03 -3.075079e+00 
 6.606934e+03  1.912189e+01  6.606934e+03 -3.076632e+00 
 6.760830e+03  1.912273e+01  6.760830e+03 -3.078151e+00 
 6.918310e+03  1.912354e+01  6.918310e+03 -3.079637e+00 
 7.079458e+03  1.912431e+01  7.079458e+03 -3.081090e+00 
 7.244360e+03  1.912505e+01  7.244360e+03 -3.082511e+00 
 7.413102e+03  1.912575e+01  7.413102e+03 -3.083901e+00 
 7.585776e+03  1.912642e+01  7.585776e+03 -3.085261e+00 
 7.762471e+03  1.912706e+01  7.762471e+03 -3.086592e+00 
 7.943282e+03  1.912768e+01  7.943282e+03 -3.087893e+00 
 8.128305e+03  1.912826e+01  8.128305e+03 -3.089166e+00 
 8.317638e+03  1.912882e+01  8.317638e+03 -3.090412e+00 
 8.511380e+03  1.912935e+01  8.511380e+03 -3.091631e+00 
 8.709636e+03  1.912986e+01  8.709636e+03 -3.092823e+00 
 8.912509e+03  1.913035e+01  8.912509e+03 -3.093990e+00 
 9.120108e+03  1.913082e+01  9.120108e+03 -3.095131e+00 
 9.332543e+03  1.913126e+01  9.332543e+03 -3.096248e+00 
 9.549926e+03  1.913168e+01  9.549926e+03 -3.097342e+00 
 9.772372e+03  1.913209e+01  9.772372e+03 -3.098412e+00 
 1.000000e+04  1.913248e+01  1.000000e+04 -3.099459e+00 
 1.023293e+04  1.913284e+01  1.023293e+04 -3.100484e+00 
 1.047129e+04  1.913320e+01  1.047129e+04 -3.101487e+00 
 1.071519e+04  1.913353e+01  1.071519e+04 -3.102469e+00 
 1.096478e+04  1.913386e+01  1.096478e+04 -3.103430e+00 
 1.122018e+04  1.913416e+01  1.122018e+04 -3.104372e+00 
 1.148154e+04  1.913446e+01  1.148154e+04 -3.105293e+00 
 1.174898e+04  1.913474e+01  1.174898e+04 -3.106196e+00 
 1.202264e+04  1.913500e+01  1.202264e+04 -3.107079e+00 
 1.230269e+04  1.913526e+01  1.230269e+04 -3.107945e+00 
 1.258925e+04  1.913550e+01  1.258925e+04 -3.108793e+00 
 1.288250e+04  1.913574e+01  1.288250e+04 -3.109623e+00 
 1.318257e+04  1.913596e+01  1.318257e+04 -3.110436e+00 
 1.348963e+04  1.913617e+01  1.348963e+04 -3.111233e+00 
 1.380384e+04  1.913637e+01  1.380384e+04 -3.112014e+00 
 1.412538e+04  1.913657e+01  1.412538e+04 -3.112780e+00 
 1.445440e+04  1.913675e+01  1.445440e+04 -3.113530e+00 
 1.479108e+04  1.913693e+01  1.479108e+04 -3.114265e+00 
 1.513561e+04  1.913710e+01  1.513561e+04 -3.114986e+00 
 1.548817e+04  1.913726e+01  1.548817e+04 -3.115693e+00 
 1.584893e+04  1.913741e+01  1.584893e+04 -3.116386e+00 
 1.621810e+04  1.913756e+01  1.621810e+04 -3.117065e+00 
 1.659587e+04  1.913770e+01  1.659587e+04 -3.117732e+00 
 1.698244e+04  1.913783e+01  1.698244e+04 -3.118386e+00 
 1.737801e+04  1.913796e+01  1.737801e+04 -3.119028e+00 
 1.778279e+04  1.913808e+01  1.778279e+04 -3.119658e+00 
 1.819701e+04  1.913819e+01  1.819701e+04 -3.120276e+00 
 1.862087e+04  1.913831e+01  1.862087e+04 -3.120883e+00 
 1.905461e+04  1.913841e+01  1.905461e+04 -3.121479e+00 
 1.949845e+04  1.913851e+01  1.949845e+04 -3.122065e+00 
 1.995262e+04  1.913861e+01  1.995262e+04 -3.122640e+00 
 2.041738e+04  1.913870e+01  2.041738e+04 -3.123205e+00 
 2.089296e+04  1.913879e+01  2.089296e+04 -3.123760e+00 
 2.137962e+04  1.913887e+01  2.137962e+04 -3.124306e+00 
 2.187762e+04  1.913895e+01  2.187762e+04 -3.124842e+00 
 2.238721e+04  1.913902e+01  2.238721e+04 -3.125370e+00 
 2.290868e+04  1.913910e+01  2.290868e+04 -3.125889e+00 
 2.344229e+04  1.913916e+01  2.344229e+04 -3.126400e+00 
 2.398833e+04  1.913923e+01  2.398833e+04 -3.126903e+00 
 2.454709e+04  1.913929e+01  2.454709e+04 -3.127398e+00 
 2.511886e+04  1.913935e+01  2.511886e+04 -3.127886e+00 
 2.570396e+04  1.913941e+01  2.570396e+04 -3.128366e+00 
 2.630268e+04  1.913946e+01  2.630268e+04 -3.128839e+00 
 2.691535e+04  1.913951e+01  2.691535e+04 -3.129306e+00 
 2.754229e+04  1.913956e+01  2.754229e+04 -3.129766e+00 
 2.818383e+04  1.913961e+01  2.818383e+04 -3.130220e+00 
 2.884032e+04  1.913965e+01  2.884032e+04 -3.130667e+00 
 2.951209e+04  1.913969e+01  2.951209e+04 -3.131109e+00 
 3.019952e+04  1.913973e+01  3.019952e+04 -3.131546e+00 
 3.090295e+04  1.913977e+01  3.090295e+04 -3.131977e+00 
 3.162278e+04  1.913980e+01  3.162278e+04 -3.132403e+00 
 3.235937e+04  1.913984e+01  3.235937e+04 -3.132824e+00 
 3.311311e+04  1.913987e+01  3.311311e+04 -3.133240e+00 
 3.388442e+04  1.913990e+01  3.388442e+04 -3.133652e+00 
 3.467369e+04  1.913993e+01  3.467369e+04 -3.134060e+00 
 3.548134e+04  1.913995e+01  3.548134e+04 -3.134464e+00 
 3.630781e+04  1.913998e+01  3.630781e+04 -3.134864e+00 
 3.715352e+04  1.914000e+01  3.715352e+04 -3.135260e+00 
 3.801894e+04  1.914002e+01  3.801894e+04 -3.135653e+00 
 3.890451e+04  1.914004e+01  3.890451e+04 -3.136043e+00 
 3.981072e+04  1.914006e+01  3.981072e+04 -3.136431e+00 
 4.073803e+04  1.914008e+01  4.073803e+04 -3.136815e+00 
 4.168694e+04  1.914010e+01  4.168694e+04 -3.137197e+00 
 4.265795e+04  1.914011e+01  4.265795e+04 -3.137576e+00 
 4.365158e+04  1.914012e+01  4.365158e+04 -3.137953e+00 
 4.466836e+04  1.914014e+01  4.466836e+04 -3.138329e+00 
 4.570882e+04  1.914015e+01  4.570882e+04 -3.138702e+00 
 4.677351e+04  1.914016e+01  4.677351e+04 -3.139075e+00 
 4.786301e+04  1.914017e+01  4.786301e+04 -3.139445e+00 
 4.897788e+04  1.914017e+01  4.897788e+04 -3.139815e+00 
 5.011872e+04  1.914018e+01  5.011872e+04 -3.140184e+00 
 5.128614e+04  1.914019e+01  5.128614e+04 -3.140552e+00 
 5.248075e+04  1.914019e+01  5.248075e+04 -3.140919e+00 
 5.370318e+04  1.914019e+01  5.370318e+04 -3.141286e+00 
 5.495409e+04  1.914020e+01  5.495409e+04  3.141532e+00 
 5.623413e+04  1.914020e+01  5.623413e+04  3.141165e+00 
 5.754399e+04  1.914020e+01  5.754399e+04  3.140798e+00 
 5.888437e+04  1.914020e+01  5.888437e+04  3.140431e+00 
 6.025596e+04  1.914019e+01  6.025596e+04  3.140062e+00 
 6.165950e+04  1.914019e+01  6.165950e+04  3.139693e+00 
 6.309573e+04  1.914019e+01  6.309573e+04  3.139323e+00 
 6.456542e+04  1.914018e+01  6.456542e+04  3.138952e+00 
 6.606934e+04  1.914018e+01  6.606934e+04  3.138580e+00 
 6.760830e+04  1.914017e+01  6.760830e+04  3.138205e+00 
 6.918310e+04  1.914016e+01  6.918310e+04  3.137829e+00 
 7.079458e+04  1.914015e+01  7.079458e+04  3.137451e+00 
 7.244360e+04  1.914014e+01  7.244360e+04  3.137071e+00 
 7.413102e+04  1.914013e+01  7.413102e+04  3.136689e+00 
 7.585776e+04  1.914011e+01  7.585776e+04  3.136304e+00 
 7.762471e+04  1.914010e+01  7.762471e+04  3.135916e+00 
 7.943282e+04  1.914008e+01  7.943282e+04  3.135525e+00 
 8.128305e+04  1.914006e+01  8.128305e+04  3.135130e+00 
 8.317638e+04  1.914004e+01  8.317638e+04  3.134733e+00 
 8.511380e+04  1.914002e+01  8.511380e+04  3.134331e+00 
 8.709636e+04  1.914000e+01  8.709636e+04  3.133926e+00 
 8.912509e+04  1.913998e+01  8.912509e+04  3.133517e+00 
 9.120108e+04  1.913996e+01  9.120108e+04  3.133104e+00 
 9.332543e+04  1.913993e+01  9.332543e+04  3.132686e+00 
 9.549926e+04  1.913990e+01  9.549926e+04  3.132263e+00 
 9.772372e+04  1.913987e+01  9.772372e+04  3.131835e+00 
 1.000000e+05  1.913984e+01  1.000000e+05  3.131403e+00 
 1.023293e+05  1.913981e+01  1.023293e+05  3.130964e+00 
 1.047129e+05  1.913977e+01  1.047129e+05  3.130521e+00 
 1.071519e+05  1.913974e+01  1.071519e+05  3.130071e+00 
 1.096478e+05  1.913970e+01  1.096478e+05  3.129615e+00 
 1.122018e+05  1.913966e+01  1.122018e+05  3.129153e+00 
 1.148154e+05  1.913961e+01  1.148154e+05  3.128684e+00 
 1.174898e+05  1.913957e+01  1.174898e+05  3.128209e+00 
 1.202264e+05  1.913952e+01  1.202264e+05  3.127726e+00 
 1.230269e+05  1.913947e+01  1.230269e+05  3.127236e+00 
 1.258925e+05  1.913941e+01  1.258925e+05  3.126738e+00 
 1.288250e+05  1.913936e+01  1.288250e+05  3.126233e+00 
 1.318257e+05  1.913930e+01  1.318257e+05  3.125719e+00 
 1.348963e+05  1.913924e+01  1.348963e+05  3.125197e+00 
 1.380384e+05  1.913917e+01  1.380384e+05  3.124666e+00 
 1.412538e+05  1.913910e+01  1.412538e+05  3.124127e+00 
 1.445440e+05  1.913903e+01  1.445440e+05  3.123578e+00 
 1.479108e+05  1.913896e+01  1.479108e+05  3.123019e+00 
 1.513561e+05  1.913888e+01  1.513561e+05  3.122451e+00 
 1.548817e+05  1.913879e+01  1.548817e+05  3.121873e+00 
 1.584893e+05  1.913871e+01  1.584893e+05  3.121284e+00 
 1.621810e+05  1.913862e+01  1.621810e+05  3.120684e+00 
 1.659587e+05  1.913852e+01  1.659587e+05  3.120073e+00 
 1.698244e+05  1.913842e+01  1.698244e+05  3.119451e+00 
 1.737801e+05  1.913832e+01  1.737801e+05  3.118817e+00 
 1.778279e+05  1.913821e+01  1.778279e+05  3.118171e+00 
 1.819701e+05  1.913809e+01  1.819701e+05  3.117513e+00 
 1.862087e+05  1.913797e+01  1.862087e+05  3.116842e+00 
 1.905461e+05  1.913784e+01  1.905461e+05  3.116158e+00 
 1.949845e+05  1.913771e+01  1.949845e+05  3.115460e+00 
 1.995262e+05  1.913757e+01  1.995262e+05  3.114749e+00 
 2.041738e+05  1.913743e+01  2.041738e+05  3.114023e+00 
 2.089296e+05  1.913727e+01  2.089296e+05  3.113283e+00 
 2.137962e+05  1.913711e+01  2.137962e+05  3.112528e+00 
 2.187762e+05  1.913695e+01  2.187762e+05  3.111757e+00 
 2.238721e+05  1.913677e+01  2.238721e+05  3.110971e+00 
 2.290868e+05  1.913659e+01  2.290868e+05  3.110168e+00 
 2.344229e+05  1.913639e+01  2.344229e+05  3.109349e+00 
 2.398833e+05  1.913619e+01  2.398833e+05  3.108513e+00 
 2.454709e+05  1.913598e+01  2.454709e+05  3.107659e+00 
 2.511886e+05  1.913576e+01  2.511886e+05  3.106788e+00 
 2.570396e+05  1.913553e+01  2.570396e+05  3.105897e+00 
 2.630268e+05  1.913529e+01  2.630268e+05  3.104988e+00 
 2.691535e+05  1.913503e+01  2.691535e+05  3.104060e+00 
 2.754229e+05  1.913476e+01  2.754229e+05  3.103112e+00 
 2.818383e+05  1.913449e+01  2.818383e+05  3.102144e+00 
 2.884032e+05  1.913419e+01  2.884032e+05  3.101154e+00 
 2.951209e+05  1.913389e+01  2.951209e+05  3.100144e+00 
 3.019952e+05  1.913357e+01  3.019952e+05  3.099111e+00 
 3.090295e+05  1.913323e+01  3.090295e+05  3.098056e+00 
 3.162278e+05  1.913288e+01  3.162278e+05  3.096978e+00 
 3.235937e+05  1.913251e+01  3.235937e+05  3.095877e+00 
 3.311311e+05  1.913213e+01  3.311311e+05  3.094751e+00 
 3.388442e+05  1.913173e+01  3.388442e+05  3.093601e+00 
 3.467369e+05  1.913130e+01  3.467369e+05  3.092425e+00 
 3.548134e+05  1.913086e+01  3.548134e+05  3.091223e+00 
 3.630781e+05  1.913040e+01  3.630781e+05  3.089995e+00 
 3.715352e+05  1.912992e+01  3.715352e+05  3.088740e+00 
 3.801894e+05  1.912941e+01  3.801894e+05  3.087457e+00 
 3.890451e+05  1.912888e+01  3.890451e+05  3.086145e+00 
 3.981072e+05  1.912832e+01  3.981072e+05  3.084804e+00 
 4.073803e+05  1.912774e+01  4.073803e+05  3.083433e+00 
 4.168694e+05  1.912713e+01  4.168694e+05  3.082032e+00 
 4.265795e+05  1.912649e+01  4.265795e+05  3.080599e+00 
 4.365158e+05  1.912582e+01  4.365158e+05  3.079134e+00 
 4.466836e+05  1.912512e+01  4.466836e+05  3.077637e+00 
 4.570882e+05  1.912439e+01  4.570882e+05  3.076105e+00 
 4.677351e+05  1.912362e+01  4.677351e+05  3.074540e+00 
 4.786301e+05  1.912282e+01  4.786301e+05  3.072939e+00 
 4.897788e+05  1.912198e+01  4.897788e+05  3.071302e+00 
 5.011872e+05  1.912110e+01  5.011872e+05  3.069628e+00 
 5.128614e+05  1.912018e+01  5.128614e+05  3.067917e+00 
 5.248075e+05  1.911921e+01  5.248075e+05  3.066167e+00 
 5.370318e+05  1.911820e+01  5.370318e+05  3.064377e+00 
 5.495409e+05  1.911714e+01  5.495409e+05  3.062547e+00 
 5.623413e+05  1.911604e+01  5.623413e+05  3.060676e+00 
 5.754399e+05  1.911488e+01  5.754399e+05  3.058762e+00 
 5.888437e+05  1.911367e+01  5.888437e+05  3.056805e+00 
 6.025596e+05  1.911240e+01  6.025596e+05  3.054804e+00 
 6.165950e+05  1.911107e+01  6.165950e+05  3.052757e+00 
 6.309573e+05  1.910967e+01  6.309573e+05  3.050664e+00 
 6.456542e+05  1.910822e+01  6.456542e+05  3.048524e+00 
 6.606934e+05  1.910669e+01  6.606934e+05  3.046336e+00 
 6.760830e+05  1.910510e+01  6.760830e+05  3.044097e+00 
 6.918310e+05  1.910343e+01  6.918310e+05  3.041809e+00 
 7.079458e+05  1.910168e+01  7.079458e+05  3.039468e+00 
 7.244360e+05  1.909985e+01  7.244360e+05  3.037074e+00 
 7.413102e+05  1.909793e+01  7.413102e+05  3.034627e+00 
 7.585776e+05  1.909592e+01  7.585776e+05  3.032123e+00 
 7.762471e+05  1.909382e+01  7.762471e+05  3.029564e+00 
 7.943282e+05  1.909163e+01  7.943282e+05  3.026946e+00 
 8.128305e+05  1.908933e+01  8.128305e+05  3.024270e+00 
 8.317638e+05  1.908692e+01  8.317638e+05  3.021533e+00 
 8.511380e+05  1.908440e+01  8.511380e+05  3.018734e+00 
 8.709636e+05  1.908177e+01  8.709636e+05  3.015872e+00 
 8.912509e+05  1.907901e+01  8.912509e+05  3.012946e+00 
 9.120108e+05  1.907612e+01  9.120108e+05  3.009953e+00 
 9.332543e+05  1.907310e+01  9.332543e+05  3.006894e+00 
 9.549926e+05  1.906994e+01  9.549926e+05  3.003766e+00 
 9.772372e+05  1.906664e+01  9.772372e+05  3.000567e+00 
 1.000000e+06  1.906318e+01  1.000000e+06  2.997297e+00 
 1.023293e+06  1.905956e+01  1.023293e+06  2.993954e+00 
 1.047129e+06  1.905577e+01  1.047129e+06  2.990536e+00 
 1.071519e+06  1.905181e+01  1.071519e+06  2.987041e+00 
 1.096478e+06  1.904766e+01  1.096478e+06  2.983469e+00 
 1.122018e+06  1.904333e+01  1.122018e+06  2.979817e+00 
 1.148154e+06  1.903879e+01  1.148154e+06  2.976084e+00 
 1.174898e+06  1.903405e+01  1.174898e+06  2.972268e+00 
 1.202264e+06  1.902908e+01  1.202264e+06  2.968368e+00 
 1.230269e+06  1.902389e+01  1.230269e+06  2.964382e+00 
 1.258925e+06  1.901846e+01  1.258925e+06  2.960307e+00 
 1.288250e+06  1.901278e+01  1.288250e+06  2.956143e+00 
 1.318257e+06  1.900685e+01  1.318257e+06  2.951888e+00 
 1.348963e+06  1.900064e+01  1.348963e+06  2.947539e+00 
 1.380384e+06  1.899415e+01  1.380384e+06  2.943095e+00 
 1.412538e+06  1.898736e+01  1.412538e+06  2.938555e+00 
 1.445440e+06  1.898026e+01  1.445440e+06  2.933916e+00 
 1.479108e+06  1.897285e+01  1.479108e+06  2.929176e+00 
 1.513561e+06  1.896509e+01  1.513561e+06  2.924334e+00 
 1.548817e+06  1.895699e+01  1.548817e+06  2.919388e+00 
 1.584893e+06  1.894852e+01  1.584893e+06  2.914335e+00 
 1.621810e+06  1.893966e+01  1.621810e+06  2.909175e+00 
 1.659587e+06  1.893041e+01  1.659587e+06  2.903905e+00 
 1.698244e+06  1.892075e+01  1.698244e+06  2.898523e+00 
 1.737801e+06  1.891065e+01  1.737801e+06  2.893027e+00 
 1.778279e+06  1.890010e+01  1.778279e+06  2.887416e+00 
 1.819701e+06  1.888908e+01  1.819701e+06  2.881687e+00 
 1.862087e+06  1.887757e+01  1.862087e+06  2.875839e+00 
 1.905461e+06  1.886556e+01  1.905461e+06  2.869870e+00 
 1.949845e+06  1.885301e+01  1.949845e+06  2.863778e+00 
 1.995262e+06  1.883990e+01  1.995262e+06  2.857561e+00 
 2.041738e+06  1.882623e+01  2.041738e+06  2.851217e+00 
 2.089296e+06  1.881195e+01  2.089296e+06  2.844745e+00 
 2.137962e+06  1.879705e+01  2.137962e+06  2.838142e+00 
 2.187762e+06  1.878150e+01  2.187762e+06  2.831408e+00 
 2.238721e+06  1.876528e+01  2.238721e+06  2.824539e+00 
 2.290868e+06  1.874836e+01  2.290868e+06  2.817536e+00 
 2.344229e+06  1.873071e+01  2.344229e+06  2.810395e+00 
 2.398833e+06  1.871230e+01  2.398833e+06  2.803115e+00 
 2.454709e+06  1.869311e+01  2.454709e+06  2.795696e+00 
 2.511886e+06  1.867311e+01  2.511886e+06  2.788135e+00 
 2.570396e+06  1.865226e+01  2.570396e+06  2.780431e+00 
 2.630268e+06  1.863053e+01  2.630268e+06  2.772583e+00 
 2.691535e+06  1.860789e+01  2.691535e+06  2.764589e+00 
 2.754229e+06  1.858432e+01  2.754229e+06  2.756449e+00 
 2.818383e+06  1.855976e+01  2.818383e+06  2.748161e+00 
 2.884032e+06  1.853420e+01  2.884032e+06  2.739725e+00 
 2.951209e+06  1.850759e+01  2.951209e+06  2.731139e+00 
 3.019952e+06  1.847990e+01  3.019952e+06  2.722403e+00 
 3.090295e+06  1.845109e+01  3.090295e+06  2.713515e+00 
 3.162278e+06  1.842112e+01  3.162278e+06  2.704477e+00 
 3.235937e+06  1.838997e+01  3.235937e+06  2.695287e+00 
 3.311311e+06  1.835757e+01  3.311311e+06  2.685945e+00 
 3.388442e+06  1.832391e+01  3.388442e+06  2.676451e+00 
 3.467369e+06  1.828894e+01  3.467369e+06  2.666805e+00 
 3.548134e+06  1.825261e+01  3.548134e+06  2.657007e+00 
 3.630781e+06  1.821490e+01  3.630781e+06  2.647058e+00 
 3.715352e+06  1.817575e+01  3.715352e+06  2.636958e+00 
 3.801894e+06  1.813513e+01  3.801894e+06  2.626708e+00 
 3.890451e+06  1.809299e+01  3.890451e+06  2.616308e+00 
 3.981072e+06  1.804930e+01  3.981072e+06  2.605761e+00 
 4.073803e+06  1.800401e+01  4.073803e+06  2.595067e+00 
 4.168694e+06  1.795708e+01  4.168694e+06  2.584227e+00 
 4.265795e+06  1.790848e+01  4.265795e+06  2.573243e+00 
 4.365158e+06  1.785816e+01  4.365158e+06  2.562118e+00 
 4.466836e+06  1.780607e+01  4.466836e+06  2.550853e+00 
 4.570882e+06  1.775219e+01  4.570882e+06  2.539450e+00 
 4.677351e+06  1.769647e+01  4.677351e+06  2.527912e+00 
 4.786301e+06  1.763888e+01  4.786301e+06  2.516242e+00 
 4.897788e+06  1.757937e+01  4.897788e+06  2.504442e+00 
 5.011872e+06  1.751791e+01  5.011872e+06  2.492515e+00 
 5.128614e+06  1.745446e+01  5.128614e+06  2.480465e+00 
 5.248075e+06  1.738899e+01  5.248075e+06  2.468295e+00 
 5.370318e+06  1.732147e+01  5.370318e+06  2.456009e+00 
 5.495409e+06  1.725187e+01  5.495409e+06  2.443610e+00 
 5.623413e+06  1.718015e+01  5.623413e+06  2.431102e+00 
 5.754399e+06  1.710628e+01  5.754399e+06  2.418490e+00 
 5.888437e+06  1.703025e+01  5.888437e+06  2.405778e+00 
 6.025596e+06  1.695202e+01  6.025596e+06  2.392970e+00 
 6.165950e+06  1.687157e+01  6.165950e+06  2.380071e+00 
 6.309573e+06  1.678888e+01  6.309573e+06  2.367085e+00 
 6.456542e+06  1.670393e+01  6.456542e+06  2.354018e+00 
 6.606934e+06  1.661670e+01  6.606934e+06  2.340873e+00 
 6.760830e+06  1.652718e+01  6.760830e+06  2.327656e+00 
 6.918310e+06  1.643536e+01  6.918310e+06  2.314372e+00 
 7.079458e+06  1.634122e+01  7.079458e+06  2.301026e+00 
 7.244360e+06  1.624476e+01  7.244360e+06  2.287623e+00 
 7.413102e+06  1.614598e+01  7.413102e+06  2.274168e+00 
 7.585776e+06  1.604486e+01  7.585776e+06  2.260666e+00 
 7.762471e+06  1.594141e+01  7.762471e+06  2.247123e+00 
 7.943282e+06  1.583563e+01  7.943282e+06  2.233543e+00 
 8.128305e+06  1.572753e+01  8.128305e+06  2.219931e+00 
 8.317638e+06  1.561710e+01  8.317638e+06  2.206292e+00 
 8.511380e+06  1.550436e+01  8.511380e+06  2.192631e+00 
 8.709636e+06  1.538932e+01  8.709636e+06  2.178953e+00 
 8.912509e+06  1.527200e+01  8.912509e+06  2.165262e+00 
 9.120108e+06  1.515240e+01  9.120108e+06  2.151563e+00 
 9.332543e+06  1.503054e+01  9.332543e+06  2.137860e+00 
 9.549926e+06  1.490645e+01  9.549926e+06  2.124157e+00 
 9.772372e+06  1.478014e+01  9.772372e+06  2.110459e+00 
 1.000000e+07  1.465164e+01  1.000000e+07  2.096769e+00 
 1.023293e+07  1.452097e+01  1.023293e+07  2.083090e+00 
 1.047129e+07  1.438816e+01  1.047129e+07  2.069427e+00 
 1.071519e+07  1.425324e+01  1.071519e+07  2.055782e+00 
 1.096478e+07  1.411623e+01  1.096478e+07  2.042159e+00 
 1.122018e+07  1.397716e+01  1.122018e+07  2.028560e+00 
 1.148154e+07  1.383607e+01  1.148154e+07  2.014988e+00 
 1.174898e+07  1.369299e+01  1.174898e+07  2.001445e+00 
 1.202264e+07  1.354796e+01  1.202264e+07  1.987933e+00 
 1.230269e+07  1.340099e+01  1.230269e+07  1.974454e+00 
 1.258925e+07  1.325214e+01  1.258925e+07  1.961010e+00 
 1.288250e+07  1.310143e+01  1.288250e+07  1.947601e+00 
 1.318257e+07  1.294891e+01  1.318257e+07  1.934230e+00 
 1.348963e+07  1.279460e+01  1.348963e+07  1.920896e+00 
 1.380384e+07  1.263854e+01  1.380384e+07  1.907600e+00 
 1.412538e+07  1.248078e+01  1.412538e+07  1.894344e+00 
 1.445440e+07  1.232134e+01  1.445440e+07  1.881126e+00 
 1.479108e+07  1.216026e+01  1.479108e+07  1.867947e+00 
 1.513561e+07  1.199758e+01  1.513561e+07  1.854806e+00 
 1.548817e+07  1.183333e+01  1.548817e+07  1.841702e+00 
 1.584893e+07  1.166755e+01  1.584893e+07  1.828636e+00 
 1.621810e+07  1.150027e+01  1.621810e+07  1.815605e+00 
 1.659587e+07  1.133153e+01  1.659587e+07  1.802609e+00 
 1.698244e+07  1.116136e+01  1.698244e+07  1.789646e+00 
 1.737801e+07  1.098979e+01  1.737801e+07  1.776714e+00 
 1.778279e+07  1.081686e+01  1.778279e+07  1.763811e+00 
 1.819701e+07  1.064259e+01  1.819701e+07  1.750936e+00 
 1.862087e+07  1.046702e+01  1.862087e+07  1.738086e+00 
 1.905461e+07  1.029017e+01  1.905461e+07  1.725258e+00 
 1.949845e+07  1.011208e+01  1.949845e+07  1.712451e+00 
 1.995262e+07  9.932767e+00  1.995262e+07  1.699660e+00 
 2.041738e+07  9.752260e+00  2.041738e+07  1.686884e+00 
 2.089296e+07  9.570585e+00  2.089296e+07  1.674118e+00 
 2.137962e+07  9.387764e+00  2.137962e+07  1.661361e+00 
 2.187762e+07  9.203821e+00  2.187762e+07  1.648608e+00 
 2.238721e+07  9.018777e+00  2.238721e+07  1.635856e+00 
 2.290868e+07  8.832651e+00  2.290868e+07  1.623101e+00 
 2.344229e+07  8.645464e+00  2.344229e+07  1.610340e+00 
 2.398833e+07  8.457232e+00  2.398833e+07  1.597569e+00 
 2.454709e+07  8.267972e+00  2.454709e+07  1.584783e+00 
 2.511886e+07  8.077698e+00  2.511886e+07  1.571979e+00 
 2.570396e+07  7.886424e+00  2.570396e+07  1.559152e+00 
 2.630268e+07  7.694163e+00  2.630268e+07  1.546298e+00 
 2.691535e+07  7.500924e+00  2.691535e+07  1.533413e+00 
 2.754229e+07  7.306718e+00  2.754229e+07  1.520492e+00 
 2.818383e+07  7.111552e+00  2.818383e+07  1.507532e+00 
 2.884032e+07  6.915433e+00  2.884032e+07  1.494526e+00 
 2.951209e+07  6.718367e+00  2.951209e+07  1.481471e+00 
 3.019952e+07  6.520356e+00  3.019952e+07  1.468362e+00 
 3.090295e+07  6.321404e+00  3.090295e+07  1.455194e+00 
 3.162278e+07  6.121511e+00  3.162278e+07  1.441963e+00 
 3.235937e+07  5.920677e+00  3.235937e+07  1.428663e+00 
 3.311311e+07  5.718900e+00  3.311311e+07  1.415289e+00 
 3.388442e+07  5.516176e+00  3.388442e+07  1.401838e+00 
 3.467369e+07  5.312500e+00  3.467369e+07  1.388303e+00 
 3.548134e+07  5.107866e+00  3.548134e+07  1.374681e+00 
 3.630781e+07  4.902267e+00  3.630781e+07  1.360966e+00 
 3.715352e+07  4.695692e+00  3.715352e+07  1.347152e+00 
 3.801894e+07  4.488132e+00  3.801894e+07  1.333236e+00 
 3.890451e+07  4.279573e+00  3.890451e+07  1.319212e+00 
 3.981072e+07  4.070002e+00  3.981072e+07  1.305075e+00 
 4.073803e+07  3.859405e+00  4.073803e+07  1.290821e+00 
 4.168694e+07  3.647763e+00  4.168694e+07  1.276444e+00 
 4.265795e+07  3.435060e+00  4.265795e+07  1.261940e+00 
 4.365158e+07  3.221275e+00  4.365158e+07  1.247303e+00 
 4.466836e+07  3.006387e+00  4.466836e+07  1.232530e+00 
 4.570882e+07  2.790374e+00  4.570882e+07  1.217614e+00 
 4.677351e+07  2.573212e+00  4.677351e+07  1.202553e+00 
 4.786301e+07  2.354875e+00  4.786301e+07  1.187340e+00 
 4.897788e+07  2.135336e+00  4.897788e+07  1.171972e+00 
 5.011872e+07  1.914567e+00  5.011872e+07  1.156443e+00 
 5.128614e+07  1.692539e+00  5.128614e+07  1.140751e+00 
 5.248075e+07  1.469220e+00  5.248075e+07  1.124889e+00 
 5.370318e+07  1.244577e+00  5.370318e+07  1.108855e+00 
 5.495409e+07  1.018578e+00  5.495409e+07  1.092644e+00 
 5.623413e+07  7.911859e-01  5.623413e+07  1.076252e+00 
 5.754399e+07  5.623655e-01  5.754399e+07  1.059675e+00 
 5.888437e+07  3.320788e-01  5.888437e+07  1.042911e+00 
 6.025596e+07  1.002871e-01  6.025596e+07  1.025954e+00 
 6.165950e+07 -1.330496e-01  6.165950e+07  1.008802e+00 
 6.309573e+07 -3.679723e-01  6.309573e+07  9.914524e-01 
 6.456542e+07 -6.045233e-01  6.456542e+07  9.739012e-01 
 6.606934e+07 -8.427454e-01  6.606934e+07  9.561458e-01 
 6.760830e+07 -1.082683e+00  6.760830e+07  9.381837e-01 
 6.918310e+07 -1.324380e+00  6.918310e+07  9.200125e-01 
 7.079458e+07 -1.567884e+00  7.079458e+07  9.016301e-01 
 7.244360e+07 -1.813239e+00  7.244360e+07  8.830344e-01 
 7.413102e+07 -2.060492e+00  7.413102e+07  8.642238e-01 
 7.585776e+07 -2.309692e+00  7.585776e+07  8.451969e-01 
 7.762471e+07 -2.560886e+00  7.762471e+07  8.259523e-01 
 7.943282e+07 -2.814122e+00  7.943282e+07  8.064893e-01 
 8.128305e+07 -3.069447e+00  8.128305e+07  7.868071e-01 
 8.317638e+07 -3.326911e+00  8.317638e+07  7.669055e-01 
 8.511380e+07 -3.586561e+00  8.511380e+07  7.467842e-01 
 8.709636e+07 -3.848445e+00  8.709636e+07  7.264435e-01 
 8.912509e+07 -4.112611e+00  8.912509e+07  7.058840e-01 
 9.120108e+07 -4.379106e+00  9.120108e+07  6.851066e-01 
 9.332543e+07 -4.647975e+00  9.332543e+07  6.641123e-01 
 9.549926e+07 -4.919266e+00  9.549926e+07  6.429027e-01 
 9.772372e+07 -5.193021e+00  9.772372e+07  6.214796e-01 
 1.000000e+08 -5.469286e+00  1.000000e+08  5.998451e-01 
 1.023293e+08 -5.748102e+00  1.023293e+08  5.780018e-01 
 1.047129e+08 -6.029509e+00  1.047129e+08  5.559525e-01 
 1.071519e+08 -6.313548e+00  1.071519e+08  5.337004e-01 
 1.096478e+08 -6.600255e+00  1.096478e+08  5.112489e-01 
 1.122018e+08 -6.889666e+00  1.122018e+08  4.886020e-01 
 1.148154e+08 -7.181814e+00  1.148154e+08  4.657638e-01 
 1.174898e+08 -7.476730e+00  1.174898e+08  4.427389e-01 
 1.202264e+08 -7.774444e+00  1.202264e+08  4.195321e-01 
 1.230269e+08 -8.074981e+00  1.230269e+08  3.961486e-01 
 1.258925e+08 -8.378364e+00  1.258925e+08  3.725941e-01 
 1.288250e+08 -8.684613e+00  1.288250e+08  3.488743e-01 
 1.318257e+08 -8.993747e+00  1.318257e+08  3.249954e-01 
 1.348963e+08 -9.305779e+00  1.348963e+08  3.009639e-01 
 1.380384e+08 -9.620719e+00  1.380384e+08  2.767867e-01 
 1.412538e+08 -9.938576e+00  1.412538e+08  2.524708e-01 
 1.445440e+08 -1.025935e+01  1.445440e+08  2.280235e-01 
 1.479108e+08 -1.058305e+01  1.479108e+08  2.034527e-01 
 1.513561e+08 -1.090966e+01  1.513561e+08  1.787661e-01 
 1.548817e+08 -1.123918e+01  1.548817e+08  1.539721e-01 
 1.584893e+08 -1.157159e+01  1.584893e+08  1.290791e-01 
 1.621810e+08 -1.190688e+01  1.621810e+08  1.040958e-01 
 1.659587e+08 -1.224504e+01  1.659587e+08  7.903104e-02 
 1.698244e+08 -1.258602e+01  1.698244e+08  5.389412e-02 
 1.737801e+08 -1.292981e+01  1.737801e+08  2.869436e-02 
 1.778279e+08 -1.327637e+01  1.778279e+08  3.441332e-03 
 1.819701e+08 -1.362567e+01  1.819701e+08 -2.185519e-02 
 1.862087e+08 -1.397766e+01  1.862087e+08 -4.718528e-02 
 1.905461e+08 -1.433229e+01  1.905461e+08 -7.253883e-02 
 1.949845e+08 -1.468951e+01  1.949845e+08 -9.790558e-02 
 1.995262e+08 -1.504927e+01  1.995262e+08 -1.232751e-01 
 2.041738e+08 -1.541150e+01  2.041738e+08 -1.486370e-01 
 2.089296e+08 -1.577615e+01  2.089296e+08 -1.739804e-01 
 2.137962e+08 -1.614313e+01  2.137962e+08 -1.992948e-01 
 2.187762e+08 -1.651239e+01  2.187762e+08 -2.245693e-01 
 2.238721e+08 -1.688383e+01  2.238721e+08 -2.497929e-01 
 2.290868e+08 -1.725738e+01  2.290868e+08 -2.749546e-01 
 2.344229e+08 -1.763295e+01  2.344229e+08 -3.000436e-01 
 2.398833e+08 -1.801045e+01  2.398833e+08 -3.250487e-01 
 2.454709e+08 -1.838978e+01  2.454709e+08 -3.499589e-01 
 2.511886e+08 -1.877086e+01  2.511886e+08 -3.747631e-01 
 2.570396e+08 -1.915356e+01  2.570396e+08 -3.994502e-01 
 2.630268e+08 -1.953779e+01  2.630268e+08 -4.240092e-01 
 2.691535e+08 -1.992345e+01  2.691535e+08 -4.484292e-01 
 2.754229e+08 -2.031041e+01  2.754229e+08 -4.726991e-01 
 2.818383e+08 -2.069856e+01  2.818383e+08 -4.968082e-01 
 2.884032e+08 -2.108779e+01  2.884032e+08 -5.207457e-01 
 2.951209e+08 -2.147798e+01  2.951209e+08 -5.445009e-01 
 3.019952e+08 -2.186899e+01  3.019952e+08 -5.680634e-01 
 3.090295e+08 -2.226072e+01  3.090295e+08 -5.914226e-01 
 3.162278e+08 -2.265302e+01  3.162278e+08 -6.145685e-01 
 3.235937e+08 -2.304578e+01  3.235937e+08 -6.374910e-01 
 3.311311e+08 -2.343886e+01  3.311311e+08 -6.601802e-01 
 3.388442e+08 -2.383213e+01  3.388442e+08 -6.826265e-01 
 3.467369e+08 -2.422547e+01  3.467369e+08 -7.048206e-01 
 3.548134e+08 -2.461874e+01  3.548134e+08 -7.267533e-01 
 3.630781e+08 -2.501181e+01  3.630781e+08 -7.484157e-01 
 3.715352e+08 -2.540455e+01  3.715352e+08 -7.697993e-01 
 3.801894e+08 -2.579682e+01  3.801894e+08 -7.908957e-01 
 3.890451e+08 -2.618851e+01  3.890451e+08 -8.116971e-01 
 3.981072e+08 -2.657947e+01  3.981072e+08 -8.321959e-01 
 4.073803e+08 -2.696959e+01  4.073803e+08 -8.523847e-01 
 4.168694e+08 -2.735873e+01  4.168694e+08 -8.722567e-01 
 4.265795e+08 -2.774678e+01  4.265795e+08 -8.918054e-01 
 4.365158e+08 -2.813360e+01  4.365158e+08 -9.110248e-01 
 4.466836e+08 -2.851909e+01  4.466836e+08 -9.299091e-01 
 4.570882e+08 -2.890313e+01  4.570882e+08 -9.484532e-01 
 4.677351e+08 -2.928560e+01  4.677351e+08 -9.666522e-01 
 4.786301e+08 -2.966639e+01  4.786301e+08 -9.845018e-01 
 4.897788e+08 -3.004540e+01  4.897788e+08 -1.001998e+00 
 5.011872e+08 -3.042252e+01  5.011872e+08 -1.019138e+00 
 5.128614e+08 -3.079766e+01  5.128614e+08 -1.035918e+00 
 5.248075e+08 -3.117072e+01  5.248075e+08 -1.052336e+00 
 5.370318e+08 -3.154162e+01  5.370318e+08 -1.068390e+00 
 5.495409e+08 -3.191025e+01  5.495409e+08 -1.084078e+00 
 5.623413e+08 -3.227655e+01  5.623413e+08 -1.099400e+00 
 5.754399e+08 -3.264044e+01  5.754399e+08 -1.114355e+00 
 5.888437e+08 -3.300184e+01  5.888437e+08 -1.128944e+00 
 6.025596e+08 -3.336069e+01  6.025596e+08 -1.143166e+00 
 6.165950e+08 -3.371693e+01  6.165950e+08 -1.157022e+00 
 6.309573e+08 -3.407050e+01  6.309573e+08 -1.170514e+00 
 6.456542e+08 -3.442134e+01  6.456542e+08 -1.183644e+00 
 6.606934e+08 -3.476941e+01  6.606934e+08 -1.196415e+00 
 6.760830e+08 -3.511467e+01  6.760830e+08 -1.208828e+00 
 6.918310e+08 -3.545709e+01  6.918310e+08 -1.220888e+00 
 7.079458e+08 -3.579662e+01  7.079458e+08 -1.232597e+00 
 7.244360e+08 -3.613324e+01  7.244360e+08 -1.243961e+00 
 7.413102e+08 -3.646694e+01  7.413102e+08 -1.254982e+00 
 7.585776e+08 -3.679769e+01  7.585776e+08 -1.265666e+00 
 7.762471e+08 -3.712548e+01  7.762471e+08 -1.276019e+00 
 7.943282e+08 -3.745030e+01  7.943282e+08 -1.286044e+00 
 8.128305e+08 -3.777215e+01  8.128305e+08 -1.295748e+00 
 8.317638e+08 -3.809103e+01  8.317638e+08 -1.305137e+00 
 8.511380e+08 -3.840695e+01  8.511380e+08 -1.314217e+00 
 8.709636e+08 -3.871991e+01  8.709636e+08 -1.322994e+00 
 8.912509e+08 -3.902993e+01  8.912509e+08 -1.331475e+00 
 9.120108e+08 -3.933703e+01  9.120108e+08 -1.339666e+00 
 9.332543e+08 -3.964122e+01  9.332543e+08 -1.347575e+00 
 9.549926e+08 -3.994253e+01  9.549926e+08 -1.355207e+00 
 9.772372e+08 -4.024099e+01  9.772372e+08 -1.362571e+00 
 1.000000e+09 -4.053662e+01  1.000000e+09 -1.369673e+00 
 1.023293e+09 -4.082947e+01  1.023293e+09 -1.376521e+00 
 1.047129e+09 -4.111956e+01  1.047129e+09 -1.383121e+00 
 1.071519e+09 -4.140694e+01  1.071519e+09 -1.389481e+00 
 1.096478e+09 -4.169164e+01  1.096478e+09 -1.395608e+00 
 1.122018e+09 -4.197370e+01  1.122018e+09 -1.401510e+00 
 1.148154e+09 -4.225318e+01  1.148154e+09 -1.407193e+00 
 1.174898e+09 -4.253012e+01  1.174898e+09 -1.412664e+00 
 1.202264e+09 -4.280456e+01  1.202264e+09 -1.417931e+00 
 1.230269e+09 -4.307656e+01  1.230269e+09 -1.423000e+00 
 1.258925e+09 -4.334617e+01  1.258925e+09 -1.427879e+00 
 1.288250e+09 -4.361343e+01  1.288250e+09 -1.432573e+00 
 1.318257e+09 -4.387840e+01  1.318257e+09 -1.437090e+00 
 1.348963e+09 -4.414113e+01  1.348963e+09 -1.441435e+00 
 1.380384e+09 -4.440168e+01  1.380384e+09 -1.445616e+00 
 1.412538e+09 -4.466009e+01  1.412538e+09 -1.449638e+00 
 1.445440e+09 -4.491643e+01  1.445440e+09 -1.453507e+00 
 1.479108e+09 -4.517075e+01  1.479108e+09 -1.457230e+00 
 1.513561e+09 -4.542310e+01  1.513561e+09 -1.460811e+00 
 1.548817e+09 -4.567353e+01  1.548817e+09 -1.464257e+00 
 1.584893e+09 -4.592210e+01  1.584893e+09 -1.467572e+00 
 1.621810e+09 -4.616886e+01  1.621810e+09 -1.470763e+00 
 1.659587e+09 -4.641387e+01  1.659587e+09 -1.473833e+00 
 1.698244e+09 -4.665718e+01  1.698244e+09 -1.476789e+00 
 1.737801e+09 -4.689884e+01  1.737801e+09 -1.479633e+00 
 1.778279e+09 -4.713889e+01  1.778279e+09 -1.482372e+00 
 1.819701e+09 -4.737740e+01  1.819701e+09 -1.485009e+00 
 1.862087e+09 -4.761441e+01  1.862087e+09 -1.487549e+00 
 1.905461e+09 -4.784997e+01  1.905461e+09 -1.489995e+00 
 1.949845e+09 -4.808413e+01  1.949845e+09 -1.492352e+00 
 1.995262e+09 -4.831693e+01  1.995262e+09 -1.494623e+00 
 2.041738e+09 -4.854843e+01  2.041738e+09 -1.496812e+00 
 2.089296e+09 -4.877865e+01  2.089296e+09 -1.498923e+00 
 2.137962e+09 -4.900766e+01  2.137962e+09 -1.500958e+00 
 2.187762e+09 -4.923549e+01  2.187762e+09 -1.502920e+00 
 2.238721e+09 -4.946219e+01  2.238721e+09 -1.504814e+00 
 2.290868e+09 -4.968779e+01  2.290868e+09 -1.506641e+00 
 2.344229e+09 -4.991233e+01  2.344229e+09 -1.508405e+00 
 2.398833e+09 -5.013586e+01  2.398833e+09 -1.510108e+00 
 2.454709e+09 -5.035841e+01  2.454709e+09 -1.511752e+00 
 2.511886e+09 -5.058002e+01  2.511886e+09 -1.513341e+00 
 2.570396e+09 -5.080072e+01  2.570396e+09 -1.514876e+00 
 2.630268e+09 -5.102055e+01  2.630268e+09 -1.516359e+00 
 2.691535e+09 -5.123954e+01  2.691535e+09 -1.517794e+00 
 2.754229e+09 -5.145772e+01  2.754229e+09 -1.519181e+00 
 2.818383e+09 -5.167513e+01  2.818383e+09 -1.520523e+00 
 2.884032e+09 -5.189179e+01  2.884032e+09 -1.521821e+00 
 2.951209e+09 -5.210774e+01  2.951209e+09 -1.523078e+00 
 3.019952e+09 -5.232299e+01  3.019952e+09 -1.524295e+00 
 3.090295e+09 -5.253759e+01  3.090295e+09 -1.525473e+00 
 3.162278e+09 -5.275155e+01  3.162278e+09 -1.526615e+00 
 3.235937e+09 -5.296490e+01  3.235937e+09 -1.527721e+00 
 3.311311e+09 -5.317767e+01  3.311311e+09 -1.528794e+00 
 3.388442e+09 -5.338988e+01  3.388442e+09 -1.529834e+00 
 3.467369e+09 -5.360155e+01  3.467369e+09 -1.530842e+00 
 3.548134e+09 -5.381270e+01  3.548134e+09 -1.531820e+00 
 3.630781e+09 -5.402336e+01  3.630781e+09 -1.532770e+00 
 3.715352e+09 -5.423355e+01  3.715352e+09 -1.533691e+00 
 3.801894e+09 -5.444328e+01  3.801894e+09 -1.534586e+00 
 3.890451e+09 -5.465257e+01  3.890451e+09 -1.535455e+00 
 3.981072e+09 -5.486145e+01  3.981072e+09 -1.536299e+00 
 4.073803e+09 -5.506992e+01  4.073803e+09 -1.537119e+00 
 4.168694e+09 -5.527802e+01  4.168694e+09 -1.537916e+00 
 4.265795e+09 -5.548575e+01  4.265795e+09 -1.538692e+00 
 4.365158e+09 -5.569312e+01  4.365158e+09 -1.539445e+00 
 4.466836e+09 -5.590016e+01  4.466836e+09 -1.540179e+00 
 4.570882e+09 -5.610688e+01  4.570882e+09 -1.540892e+00 
 4.677351e+09 -5.631329e+01  4.677351e+09 -1.541586e+00 
 4.786301e+09 -5.651940e+01  4.786301e+09 -1.542262e+00 
 4.897788e+09 -5.672524e+01  4.897788e+09 -1.542921e+00 
 5.011872e+09 -5.693080e+01  5.011872e+09 -1.543562e+00 
 5.128614e+09 -5.713611e+01  5.128614e+09 -1.544186e+00 
 5.248075e+09 -5.734117e+01  5.248075e+09 -1.544794e+00 
 5.370318e+09 -5.754599e+01  5.370318e+09 -1.545387e+00 
 5.495409e+09 -5.775059e+01  5.495409e+09 -1.545965e+00 
 5.623413e+09 -5.795497e+01  5.623413e+09 -1.546529e+00 
 5.754399e+09 -5.815915e+01  5.754399e+09 -1.547078e+00 
 5.888437e+09 -5.836313e+01  5.888437e+09 -1.547614e+00 
 6.025596e+09 -5.856693e+01  6.025596e+09 -1.548137e+00 
 6.165950e+09 -5.877055e+01  6.165950e+09 -1.548648e+00 
 6.309573e+09 -5.897399e+01  6.309573e+09 -1.549145e+00 
 6.456542e+09 -5.917727e+01  6.456542e+09 -1.549631e+00 
 6.606934e+09 -5.938040e+01  6.606934e+09 -1.550106e+00 
 6.760830e+09 -5.958338e+01  6.760830e+09 -1.550569e+00 
 6.918310e+09 -5.978621e+01  6.918310e+09 -1.551022e+00 
 7.079458e+09 -5.998892e+01  7.079458e+09 -1.551463e+00 
 7.244360e+09 -6.019149e+01  7.244360e+09 -1.551895e+00 
 7.413102e+09 -6.039394e+01  7.413102e+09 -1.552317e+00 
 7.585776e+09 -6.059627e+01  7.585776e+09 -1.552728e+00 
 7.762471e+09 -6.079849e+01  7.762471e+09 -1.553131e+00 
 7.943282e+09 -6.100061e+01  7.943282e+09 -1.553524e+00 
 8.128305e+09 -6.120262e+01  8.128305e+09 -1.553909e+00 
 8.317638e+09 -6.140454e+01  8.317638e+09 -1.554285e+00 
 8.511380e+09 -6.160637e+01  8.511380e+09 -1.554652e+00 
 8.709636e+09 -6.180811e+01  8.709636e+09 -1.555011e+00 
 8.912509e+09 -6.200976e+01  8.912509e+09 -1.555362e+00 
 9.120108e+09 -6.221134e+01  9.120108e+09 -1.555705e+00 
 9.332543e+09 -6.241284e+01  9.332543e+09 -1.556041e+00 
 9.549926e+09 -6.261427e+01  9.549926e+09 -1.556369e+00 
 9.772372e+09 -6.281563e+01  9.772372e+09 -1.556690e+00 
 1.000000e+10 -6.301692e+01  1.000000e+10 -1.557004e+00 
 1.023293e+10 -6.321816e+01  1.023293e+10 -1.557311e+00 
 1.047129e+10 -6.341933e+01  1.047129e+10 -1.557611e+00 
 1.071519e+10 -6.362045e+01  1.071519e+10 -1.557905e+00 
 1.096478e+10 -6.382151e+01  1.096478e+10 -1.558192e+00 
 1.122018e+10 -6.402253e+01  1.122018e+10 -1.558473e+00 
 1.148154e+10 -6.422349e+01  1.148154e+10 -1.558747e+00 
 1.174898e+10 -6.442441e+01  1.174898e+10 -1.559016e+00 
 1.202264e+10 -6.462529e+01  1.202264e+10 -1.559279e+00 
 1.230269e+10 -6.482612e+01  1.230269e+10 -1.559536e+00 
 1.258925e+10 -6.502691e+01  1.258925e+10 -1.559787e+00 
 1.288250e+10 -6.522767e+01  1.288250e+10 -1.560033e+00 
 1.318257e+10 -6.542839e+01  1.318257e+10 -1.560274e+00 
 1.348963e+10 -6.562908e+01  1.348963e+10 -1.560509e+00 
 1.380384e+10 -6.582973e+01  1.380384e+10 -1.560739e+00 
 1.412538e+10 -6.603035e+01  1.412538e+10 -1.560964e+00 
 1.445440e+10 -6.623095e+01  1.445440e+10 -1.561184e+00 
 1.479108e+10 -6.643151e+01  1.479108e+10 -1.561400e+00 
 1.513561e+10 -6.663205e+01  1.513561e+10 -1.561610e+00 
 1.548817e+10 -6.683256e+01  1.548817e+10 -1.561816e+00 
 1.584893e+10 -6.703305e+01  1.584893e+10 -1.562018e+00 
 1.621810e+10 -6.723352e+01  1.621810e+10 -1.562215e+00 
 1.659587e+10 -6.743396e+01  1.659587e+10 -1.562407e+00 
 1.698244e+10 -6.763439e+01  1.698244e+10 -1.562596e+00 
 1.737801e+10 -6.783479e+01  1.737801e+10 -1.562780e+00 
 1.778279e+10 -6.803518e+01  1.778279e+10 -1.562960e+00 
 1.819701e+10 -6.823554e+01  1.819701e+10 -1.563136e+00 
 1.862087e+10 -6.843589e+01  1.862087e+10 -1.563309e+00 
 1.905461e+10 -6.863623e+01  1.905461e+10 -1.563477e+00 
 1.949845e+10 -6.883654e+01  1.949845e+10 -1.563642e+00 
 1.995262e+10 -6.903685e+01  1.995262e+10 -1.563803e+00 
 2.041738e+10 -6.923713e+01  2.041738e+10 -1.563961e+00 
 2.089296e+10 -6.943741e+01  2.089296e+10 -1.564115e+00 
 2.137962e+10 -6.963767e+01  2.137962e+10 -1.564266e+00 
 2.187762e+10 -6.983792e+01  2.187762e+10 -1.564413e+00 
 2.238721e+10 -7.003816e+01  2.238721e+10 -1.564557e+00 
 2.290868e+10 -7.023839e+01  2.290868e+10 -1.564698e+00 
 2.344229e+10 -7.043861e+01  2.344229e+10 -1.564836e+00 
 2.398833e+10 -7.063882e+01  2.398833e+10 -1.564970e+00 
 2.454709e+10 -7.083901e+01  2.454709e+10 -1.565102e+00 
 2.511886e+10 -7.103920e+01  2.511886e+10 -1.565231e+00 
 2.570396e+10 -7.123938e+01  2.570396e+10 -1.565357e+00 
 2.630268e+10 -7.143955e+01  2.630268e+10 -1.565480e+00 
 2.691535e+10 -7.163972e+01  2.691535e+10 -1.565600e+00 
 2.754229e+10 -7.183987e+01  2.754229e+10 -1.565717e+00 
 2.818383e+10 -7.204002e+01  2.818383e+10 -1.565832e+00 
 2.884032e+10 -7.224017e+01  2.884032e+10 -1.565945e+00 
 2.951209e+10 -7.244030e+01  2.951209e+10 -1.566055e+00 
 3.019952e+10 -7.264043e+01  3.019952e+10 -1.566162e+00 
 3.090295e+10 -7.284055e+01  3.090295e+10 -1.566267e+00 
 3.162278e+10 -7.304067e+01  3.162278e+10 -1.566370e+00 
 3.235937e+10 -7.324079e+01  3.235937e+10 -1.566470e+00 
 3.311311e+10 -7.344089e+01  3.311311e+10 -1.566568e+00 
 3.388442e+10 -7.364100e+01  3.388442e+10 -1.566664e+00 
 3.467369e+10 -7.384109e+01  3.467369e+10 -1.566757e+00 
 3.548134e+10 -7.404119e+01  3.548134e+10 -1.566849e+00 
 3.630781e+10 -7.424128e+01  3.630781e+10 -1.566939e+00 
 3.715352e+10 -7.444136e+01  3.715352e+10 -1.567026e+00 
 3.801894e+10 -7.464144e+01  3.801894e+10 -1.567112e+00 
 3.890451e+10 -7.484152e+01  3.890451e+10 -1.567195e+00 
 3.981072e+10 -7.504159e+01  3.981072e+10 -1.567277e+00 
 4.073803e+10 -7.524166e+01  4.073803e+10 -1.567357e+00 
 4.168694e+10 -7.544173e+01  4.168694e+10 -1.567435e+00 
 4.265795e+10 -7.564180e+01  4.265795e+10 -1.567511e+00 
 4.365158e+10 -7.584186e+01  4.365158e+10 -1.567586e+00 
 4.466836e+10 -7.604192e+01  4.466836e+10 -1.567659e+00 
 4.570882e+10 -7.624197e+01  4.570882e+10 -1.567730e+00 
 4.677351e+10 -7.644203e+01  4.677351e+10 -1.567800e+00 
 4.786301e+10 -7.664208e+01  4.786301e+10 -1.567868e+00 
 4.897788e+10 -7.684213e+01  4.897788e+10 -1.567934e+00 
 5.011872e+10 -7.704217e+01  5.011872e+10 -1.567999e+00 
 5.128614e+10 -7.724222e+01  5.128614e+10 -1.568063e+00 
 5.248075e+10 -7.744226e+01  5.248075e+10 -1.568125e+00 
 5.370318e+10 -7.764230e+01  5.370318e+10 -1.568186e+00 
 5.495409e+10 -7.784234e+01  5.495409e+10 -1.568245e+00 
 5.623413e+10 -7.804237e+01  5.623413e+10 -1.568303e+00 
 5.754399e+10 -7.824241e+01  5.754399e+10 -1.568360e+00 
 5.888437e+10 -7.844244e+01  5.888437e+10 -1.568415e+00 
 6.025596e+10 -7.864248e+01  6.025596e+10 -1.568469e+00 
 6.165950e+10 -7.884251e+01  6.165950e+10 -1.568522e+00 
 6.309573e+10 -7.904254e+01  6.309573e+10 -1.568574e+00 
 6.456542e+10 -7.924256e+01  6.456542e+10 -1.568624e+00 
 6.606934e+10 -7.944259e+01  6.606934e+10 -1.568674e+00 
 6.760830e+10 -7.964262e+01  6.760830e+10 -1.568722e+00 
 6.918310e+10 -7.984264e+01  6.918310e+10 -1.568769e+00 
 7.079458e+10 -8.004266e+01  7.079458e+10 -1.568815e+00 
 7.244360e+10 -8.024269e+01  7.244360e+10 -1.568860e+00 
 7.413102e+10 -8.044271e+01  7.413102e+10 -1.568904e+00 
 7.585776e+10 -8.064273e+01  7.585776e+10 -1.568947e+00 
 7.762471e+10 -8.084275e+01  7.762471e+10 -1.568989e+00 
 7.943282e+10 -8.104276e+01  7.943282e+10 -1.569030e+00 
 8.128305e+10 -8.124278e+01  8.128305e+10 -1.569071e+00 
 8.317638e+10 -8.144280e+01  8.317638e+10 -1.569110e+00 
 8.511380e+10 -8.164282e+01  8.511380e+10 -1.569148e+00 
 8.709636e+10 -8.184283e+01  8.709636e+10 -1.569186e+00 
 8.912509e+10 -8.204285e+01  8.912509e+10 -1.569222e+00 
 9.120108e+10 -8.224286e+01  9.120108e+10 -1.569258e+00 
 9.332543e+10 -8.244287e+01  9.332543e+10 -1.569293e+00 
 9.549926e+10 -8.264289e+01  9.549926e+10 -1.569327e+00 
 9.772372e+10 -8.284290e+01  9.772372e+10 -1.569361e+00 
 1.000000e+11 -8.304291e+01  1.000000e+11 -1.569393e+00 
