 1.000000e+00 -2.764648e+01  1.000000e+00 -1.575157e+00 
 1.023293e+00 -2.744648e+01  1.023293e+00 -1.575259e+00 
 1.047129e+00 -2.724649e+01  1.047129e+00 -1.575363e+00 
 1.071519e+00 -2.704649e+01  1.071519e+00 -1.575469e+00 
 1.096478e+00 -2.684650e+01  1.096478e+00 -1.575578e+00 
 1.122018e+00 -2.664650e+01  1.122018e+00 -1.575689e+00 
 1.148154e+00 -2.644651e+01  1.148154e+00 -1.575803e+00 
 1.174898e+00 -2.624651e+01  1.174898e+00 -1.575920e+00 
 1.202264e+00 -2.604652e+01  1.202264e+00 -1.576039e+00 
 1.230269e+00 -2.584652e+01  1.230269e+00 -1.576161e+00 
 1.258925e+00 -2.564653e+01  1.258925e+00 -1.576286e+00 
 1.288250e+00 -2.544653e+01  1.288250e+00 -1.576414e+00 
 1.318257e+00 -2.524654e+01  1.318257e+00 -1.576545e+00 
 1.348963e+00 -2.504655e+01  1.348963e+00 -1.576679e+00 
 1.380384e+00 -2.484655e+01  1.380384e+00 -1.576816e+00 
 1.412538e+00 -2.464656e+01  1.412538e+00 -1.576956e+00 
 1.445440e+00 -2.444657e+01  1.445440e+00 -1.577100e+00 
 1.479108e+00 -2.424658e+01  1.479108e+00 -1.577247e+00 
 1.513561e+00 -2.404659e+01  1.513561e+00 -1.577397e+00 
 1.548817e+00 -2.384659e+01  1.548817e+00 -1.577550e+00 
 1.584893e+00 -2.364660e+01  1.584893e+00 -1.577708e+00 
 1.621810e+00 -2.344661e+01  1.621810e+00 -1.577869e+00 
 1.659587e+00 -2.324662e+01  1.659587e+00 -1.578034e+00 
 1.698244e+00 -2.304663e+01  1.698244e+00 -1.578202e+00 
 1.737801e+00 -2.284665e+01  1.737801e+00 -1.578375e+00 
 1.778279e+00 -2.264666e+01  1.778279e+00 -1.578551e+00 
 1.819701e+00 -2.244667e+01  1.819701e+00 -1.578732e+00 
 1.862087e+00 -2.224668e+01  1.862087e+00 -1.578917e+00 
 1.905461e+00 -2.204670e+01  1.905461e+00 -1.579106e+00 
 1.949845e+00 -2.184671e+01  1.949845e+00 -1.579299e+00 
 1.995262e+00 -2.164673e+01  1.995262e+00 -1.579497e+00 
 2.041738e+00 -2.144674e+01  2.041738e+00 -1.579700e+00 
 2.089296e+00 -2.124676e+01  2.089296e+00 -1.579907e+00 
 2.137962e+00 -2.104677e+01  2.137962e+00 -1.580120e+00 
 2.187762e+00 -2.084679e+01  2.187762e+00 -1.580337e+00 
 2.238721e+00 -2.064681e+01  2.238721e+00 -1.580559e+00 
 2.290868e+00 -2.044683e+01  2.290868e+00 -1.580786e+00 
 2.344229e+00 -2.024685e+01  2.344229e+00 -1.581019e+00 
 2.398833e+00 -2.004687e+01  2.398833e+00 -1.581257e+00 
 2.454709e+00 -1.984689e+01  2.454709e+00 -1.581501e+00 
 2.511886e+00 -1.964692e+01  2.511886e+00 -1.581750e+00 
 2.570396e+00 -1.944694e+01  2.570396e+00 -1.582005e+00 
 2.630268e+00 -1.924697e+01  2.630268e+00 -1.582266e+00 
 2.691535e+00 -1.904699e+01  2.691535e+00 -1.582533e+00 
 2.754229e+00 -1.884702e+01  2.754229e+00 -1.582807e+00 
 2.818383e+00 -1.864705e+01  2.818383e+00 -1.583086e+00 
 2.884032e+00 -1.844708e+01  2.884032e+00 -1.583373e+00 
 2.951209e+00 -1.824712e+01  2.951209e+00 -1.583666e+00 
 3.019952e+00 -1.804715e+01  3.019952e+00 -1.583965e+00 
 3.090295e+00 -1.784718e+01  3.090295e+00 -1.584272e+00 
 3.162278e+00 -1.764722e+01  3.162278e+00 -1.584586e+00 
 3.235937e+00 -1.744726e+01  3.235937e+00 -1.584907e+00 
 3.311311e+00 -1.724730e+01  3.311311e+00 -1.585236e+00 
 3.388442e+00 -1.704734e+01  3.388442e+00 -1.585572e+00 
 3.467369e+00 -1.684739e+01  3.467369e+00 -1.585916e+00 
 3.548134e+00 -1.664744e+01  3.548134e+00 -1.586268e+00 
 3.630781e+00 -1.644748e+01  3.630781e+00 -1.586629e+00 
 3.715352e+00 -1.624754e+01  3.715352e+00 -1.586997e+00 
 3.801894e+00 -1.604759e+01  3.801894e+00 -1.587375e+00 
 3.890451e+00 -1.584765e+01  3.890451e+00 -1.587761e+00 
 3.981072e+00 -1.564770e+01  3.981072e+00 -1.588156e+00 
 4.073803e+00 -1.544777e+01  4.073803e+00 -1.588560e+00 
 4.168694e+00 -1.524783e+01  4.168694e+00 -1.588974e+00 
 4.265795e+00 -1.504790e+01  4.265795e+00 -1.589397e+00 
 4.365158e+00 -1.484797e+01  4.365158e+00 -1.589830e+00 
 4.466836e+00 -1.464804e+01  4.466836e+00 -1.590273e+00 
 4.570882e+00 -1.444812e+01  4.570882e+00 -1.590727e+00 
 4.677351e+00 -1.424820e+01  4.677351e+00 -1.591191e+00 
 4.786301e+00 -1.404829e+01  4.786301e+00 -1.591666e+00 
 4.897788e+00 -1.384838e+01  4.897788e+00 -1.592152e+00 
 5.011872e+00 -1.364847e+01  5.011872e+00 -1.592649e+00 
 5.128614e+00 -1.344857e+01  5.128614e+00 -1.593158e+00 
 5.248075e+00 -1.324867e+01  5.248075e+00 -1.593679e+00 
 5.370318e+00 -1.304878e+01  5.370318e+00 -1.594212e+00 
 5.495409e+00 -1.284889e+01  5.495409e+00 -1.594757e+00 
 5.623413e+00 -1.264900e+01  5.623413e+00 -1.595315e+00 
 5.754399e+00 -1.244913e+01  5.754399e+00 -1.595886e+00 
 5.888437e+00 -1.224926e+01  5.888437e+00 -1.596470e+00 
 6.025596e+00 -1.204939e+01  6.025596e+00 -1.597067e+00 
 6.165950e+00 -1.184953e+01  6.165950e+00 -1.597679e+00 
 6.309573e+00 -1.164968e+01  6.309573e+00 -1.598305e+00 
 6.456542e+00 -1.144983e+01  6.456542e+00 -1.598945e+00 
 6.606934e+00 -1.125000e+01  6.606934e+00 -1.599601e+00 
 6.760830e+00 -1.105017e+01  6.760830e+00 -1.600271e+00 
 6.918310e+00 -1.085034e+01  6.918310e+00 -1.600957e+00 
 7.079458e+00 -1.065053e+01  7.079458e+00 -1.601659e+00 
 7.244360e+00 -1.045072e+01  7.244360e+00 -1.602378e+00 
 7.413102e+00 -1.025093e+01  7.413102e+00 -1.603113e+00 
 7.585776e+00 -1.005114e+01  7.585776e+00 -1.603865e+00 
 7.762471e+00 -9.851365e+00  7.762471e+00 -1.604635e+00 
 7.943282e+00 -9.651599e+00  7.943282e+00 -1.605423e+00 
 8.128305e+00 -9.451844e+00  8.128305e+00 -1.606228e+00 
 8.317638e+00 -9.252100e+00  8.317638e+00 -1.607053e+00 
 8.511380e+00 -9.052369e+00  8.511380e+00 -1.607897e+00 
 8.709636e+00 -8.852650e+00  8.709636e+00 -1.608760e+00 
 8.912509e+00 -8.652945e+00  8.912509e+00 -1.609644e+00 
 9.120108e+00 -8.453253e+00  9.120108e+00 -1.610547e+00 
 9.332543e+00 -8.253576e+00  9.332543e+00 -1.611472e+00 
 9.549926e+00 -8.053914e+00  9.549926e+00 -1.612419e+00 
 9.772372e+00 -7.854268e+00  9.772372e+00 -1.613387e+00 
 1.000000e+01 -7.654638e+00  1.000000e+01 -1.614378e+00 
 1.023293e+01 -7.455026e+00  1.023293e+01 -1.615392e+00 
 1.047129e+01 -7.255433e+00  1.047129e+01 -1.616429e+00 
 1.071519e+01 -7.055858e+00  1.071519e+01 -1.617490e+00 
 1.096478e+01 -6.856303e+00  1.096478e+01 -1.618577e+00 
 1.122018e+01 -6.656770e+00  1.122018e+01 -1.619688e+00 
 1.148154e+01 -6.457258e+00  1.148154e+01 -1.620825e+00 
 1.174898e+01 -6.257769e+00  1.174898e+01 -1.621988e+00 
 1.202264e+01 -6.058304e+00  1.202264e+01 -1.623178e+00 
 1.230269e+01 -5.858865e+00  1.230269e+01 -1.624396e+00 
 1.258925e+01 -5.659452e+00  1.258925e+01 -1.625642e+00 
 1.288250e+01 -5.460066e+00  1.288250e+01 -1.626917e+00 
 1.318257e+01 -5.260709e+00  1.318257e+01 -1.628221e+00 
 1.348963e+01 -5.061382e+00  1.348963e+01 -1.629556e+00 
 1.380384e+01 -4.862087e+00  1.380384e+01 -1.630921e+00 
 1.412538e+01 -4.662825e+00  1.412538e+01 -1.632318e+00 
 1.445440e+01 -4.463598e+00  1.445440e+01 -1.633748e+00 
 1.479108e+01 -4.264407e+00  1.479108e+01 -1.635210e+00 
 1.513561e+01 -4.065254e+00  1.513561e+01 -1.636706e+00 
 1.548817e+01 -3.866141e+00  1.548817e+01 -1.638237e+00 
 1.584893e+01 -3.667069e+00  1.584893e+01 -1.639803e+00 
 1.621810e+01 -3.468041e+00  1.621810e+01 -1.641405e+00 
 1.659587e+01 -3.269058e+00  1.659587e+01 -1.643044e+00 
 1.698244e+01 -3.070123e+00  1.698244e+01 -1.644721e+00 
 1.737801e+01 -2.871238e+00  1.737801e+01 -1.646436e+00 
 1.778279e+01 -2.672406e+00  1.778279e+01 -1.648191e+00 
 1.819701e+01 -2.473628e+00  1.819701e+01 -1.649986e+00 
 1.862087e+01 -2.274907e+00  1.862087e+01 -1.651823e+00 
 1.905461e+01 -2.076246e+00  1.905461e+01 -1.653702e+00 
 1.949845e+01 -1.877648e+00  1.949845e+01 -1.655624e+00 
 1.995262e+01 -1.679115e+00  1.995262e+01 -1.657590e+00 
 2.041738e+01 -1.480651e+00  2.041738e+01 -1.659601e+00 
 2.089296e+01 -1.282258e+00  2.089296e+01 -1.661658e+00 
 2.137962e+01 -1.083941e+00  2.137962e+01 -1.663763e+00 
 2.187762e+01 -8.857027e-01  2.187762e+01 -1.665915e+00 
 2.238721e+01 -6.875464e-01  2.238721e+01 -1.668117e+00 
 2.290868e+01 -4.894761e-01  2.290868e+01 -1.670369e+00 
 2.344229e+01 -2.914959e-01  2.344229e+01 -1.672673e+00 
 2.398833e+01 -9.360985e-02  2.398833e+01 -1.675029e+00 
 2.454709e+01  1.041777e-01  2.454709e+01 -1.677439e+00 
 2.511886e+01  3.018621e-01  2.511886e+01 -1.679903e+00 
 2.570396e+01  4.994388e-01  2.570396e+01 -1.682424e+00 
 2.630268e+01  6.969027e-01  2.630268e+01 -1.685002e+00 
 2.691535e+01  8.942486e-01  2.691535e+01 -1.687638e+00 
 2.754229e+01  1.091471e+00  2.754229e+01 -1.690334e+00 
 2.818383e+01  1.288565e+00  2.818383e+01 -1.693091e+00 
 2.884032e+01  1.485524e+00  2.884032e+01 -1.695911e+00 
 2.951209e+01  1.682341e+00  2.951209e+01 -1.698794e+00 
 3.019952e+01  1.879012e+00  3.019952e+01 -1.701742e+00 
 3.090295e+01  2.075528e+00  3.090295e+01 -1.704756e+00 
 3.162278e+01  2.271882e+00  3.162278e+01 -1.707838e+00 
 3.235937e+01  2.468069e+00  3.235937e+01 -1.710989e+00 
 3.311311e+01  2.664079e+00  3.311311e+01 -1.714210e+00 
 3.388442e+01  2.859905e+00  3.388442e+01 -1.717504e+00 
 3.467369e+01  3.055538e+00  3.467369e+01 -1.720871e+00 
 3.548134e+01  3.250971e+00  3.548134e+01 -1.724312e+00 
 3.630781e+01  3.446193e+00  3.630781e+01 -1.727830e+00 
 3.715352e+01  3.641196e+00  3.715352e+01 -1.731426e+00 
 3.801894e+01  3.835970e+00  3.801894e+01 -1.735102e+00 
 3.890451e+01  4.030504e+00  3.890451e+01 -1.738858e+00 
 3.981072e+01  4.224787e+00  3.981072e+01 -1.742697e+00 
 4.073803e+01  4.418810e+00  4.073803e+01 -1.746620e+00 
 4.168694e+01  4.612559e+00  4.168694e+01 -1.750629e+00 
 4.265795e+01  4.806024e+00  4.265795e+01 -1.754725e+00 
 4.365158e+01  4.999191e+00  4.365158e+01 -1.758911e+00 
 4.466836e+01  5.192047e+00  4.466836e+01 -1.763186e+00 
 4.570882e+01  5.384580e+00  4.570882e+01 -1.767554e+00 
 4.677351e+01  5.576774e+00  4.677351e+01 -1.772016e+00 
 4.786301e+01  5.768615e+00  4.786301e+01 -1.776574e+00 
 4.897788e+01  5.960088e+00  4.897788e+01 -1.781229e+00 
 5.011872e+01  6.151178e+00  5.011872e+01 -1.785982e+00 
 5.128614e+01  6.341866e+00  5.128614e+01 -1.790836e+00 
 5.248075e+01  6.532138e+00  5.248075e+01 -1.795793e+00 
 5.370318e+01  6.721974e+00  5.370318e+01 -1.800853e+00 
 5.495409e+01  6.911357e+00  5.495409e+01 -1.806018e+00 
 5.623413e+01  7.100267e+00  5.623413e+01 -1.811291e+00 
 5.754399e+01  7.288684e+00  5.754399e+01 -1.816673e+00 
 5.888437e+01  7.476589e+00  5.888437e+01 -1.822165e+00 
 6.025596e+01  7.663960e+00  6.025596e+01 -1.827769e+00 
 6.165950e+01  7.850775e+00  6.165950e+01 -1.833486e+00 
 6.309573e+01  8.037011e+00  6.309573e+01 -1.839318e+00 
 6.456542e+01  8.222645e+00  6.456542e+01 -1.845268e+00 
 6.606934e+01  8.407653e+00  6.606934e+01 -1.851335e+00 
 6.760830e+01  8.592009e+00  6.760830e+01 -1.857521e+00 
 6.918310e+01  8.775688e+00  6.918310e+01 -1.863829e+00 
 7.079458e+01  8.958664e+00  7.079458e+01 -1.870258e+00 
 7.244360e+01  9.140909e+00  7.244360e+01 -1.876811e+00 
 7.413102e+01  9.322394e+00  7.413102e+01 -1.883489e+00 
 7.585776e+01  9.503091e+00  7.585776e+01 -1.890293e+00 
 7.762471e+01  9.682970e+00  7.762471e+01 -1.897224e+00 
 7.943282e+01  9.862000e+00  7.943282e+01 -1.904283e+00 
 8.128305e+01  1.004015e+01  8.128305e+01 -1.911470e+00 
 8.317638e+01  1.021739e+01  8.317638e+01 -1.918788e+00 
 8.511380e+01  1.039368e+01  8.511380e+01 -1.926236e+00 
 8.709636e+01  1.056899e+01  8.709636e+01 -1.933815e+00 
 8.912509e+01  1.074329e+01  8.912509e+01 -1.941525e+00 
 9.120108e+01  1.091654e+01  9.120108e+01 -1.949368e+00 
 9.332543e+01  1.108870e+01  9.332543e+01 -1.957344e+00 
 9.549926e+01  1.125974e+01  9.549926e+01 -1.965452e+00 
 9.772372e+01  1.142962e+01  9.772372e+01 -1.973692e+00 
 1.000000e+02  1.159831e+01  1.000000e+02 -1.982066e+00 
 1.023293e+02  1.176576e+01  1.023293e+02 -1.990571e+00 
 1.047129e+02  1.193193e+01  1.047129e+02 -1.999209e+00 
 1.071519e+02  1.209680e+01  1.071519e+02 -2.007978e+00 
 1.096478e+02  1.226030e+01  1.096478e+02 -2.016877e+00 
 1.122018e+02  1.242242e+01  1.122018e+02 -2.025906e+00 
 1.148154e+02  1.258309e+01  1.148154e+02 -2.035064e+00 
 1.174898e+02  1.274230e+01  1.174898e+02 -2.044349e+00 
 1.202264e+02  1.289999e+01  1.202264e+02 -2.053760e+00 
 1.230269e+02  1.305612e+01  1.230269e+02 -2.063295e+00 
 1.258925e+02  1.321065e+01  1.258925e+02 -2.072952e+00 
 1.288250e+02  1.336355e+01  1.288250e+02 -2.082730e+00 
 1.318257e+02  1.351476e+01  1.318257e+02 -2.092626e+00 
 1.348963e+02  1.366426e+01  1.348963e+02 -2.102637e+00 
 1.380384e+02  1.381200e+01  1.380384e+02 -2.112761e+00 
 1.412538e+02  1.395795e+01  1.412538e+02 -2.122995e+00 
 1.445440e+02  1.410205e+01  1.445440e+02 -2.133336e+00 
 1.479108e+02  1.424429e+01  1.479108e+02 -2.143780e+00 
 1.513561e+02  1.438461e+01  1.513561e+02 -2.154324e+00 
 1.548817e+02  1.452299e+01  1.548817e+02 -2.164964e+00 
 1.584893e+02  1.465939e+01  1.584893e+02 -2.175697e+00 
 1.621810e+02  1.479377e+01  1.621810e+02 -2.186517e+00 
 1.659587e+02  1.492611e+01  1.659587e+02 -2.197421e+00 
 1.698244e+02  1.505637e+01  1.698244e+02 -2.208404e+00 
 1.737801e+02  1.518453e+01  1.737801e+02 -2.219461e+00 
 1.778279e+02  1.531055e+01  1.778279e+02 -2.230587e+00 
 1.819701e+02  1.543441e+01  1.819701e+02 -2.241778e+00 
 1.862087e+02  1.555609e+01  1.862087e+02 -2.253028e+00 
 1.905461e+02  1.567556e+01  1.905461e+02 -2.264331e+00 
 1.949845e+02  1.579281e+01  1.949845e+02 -2.275683e+00 
 1.995262e+02  1.590782e+01  1.995262e+02 -2.287077e+00 
 2.041738e+02  1.602057e+01  2.041738e+02 -2.298507e+00 
 2.089296e+02  1.613105e+01  2.089296e+02 -2.309969e+00 
 2.137962e+02  1.623924e+01  2.137962e+02 -2.321455e+00 
 2.187762e+02  1.634515e+01  2.187762e+02 -2.332961e+00 
 2.238721e+02  1.644876e+01  2.238721e+02 -2.344479e+00 
 2.290868e+02  1.655006e+01  2.290868e+02 -2.356004e+00 
 2.344229e+02  1.664907e+01  2.344229e+02 -2.367530e+00 
 2.398833e+02  1.674577e+01  2.398833e+02 -2.379050e+00 
 2.454709e+02  1.684017e+01  2.454709e+02 -2.390559e+00 
 2.511886e+02  1.693229e+01  2.511886e+02 -2.402051e+00 
 2.570396e+02  1.702211e+01  2.570396e+02 -2.413519e+00 
 2.630268e+02  1.710967e+01  2.630268e+02 -2.424957e+00 
 2.691535e+02  1.719497e+01  2.691535e+02 -2.436360e+00 
 2.754229e+02  1.727802e+01  2.754229e+02 -2.447723e+00 
 2.818383e+02  1.735884e+01  2.818383e+02 -2.459038e+00 
 2.884032e+02  1.743746e+01  2.884032e+02 -2.470301e+00 
 2.951209e+02  1.751389e+01  2.951209e+02 -2.481507e+00 
 3.019952e+02  1.758816e+01  3.019952e+02 -2.492649e+00 
 3.090295e+02  1.766029e+01  3.090295e+02 -2.503724e+00 
 3.162278e+02  1.773031e+01  3.162278e+02 -2.514726e+00 
 3.235937e+02  1.779825e+01  3.235937e+02 -2.525649e+00 
 3.311311e+02  1.786414e+01  3.311311e+02 -2.536491e+00 
 3.388442e+02  1.792801e+01  3.388442e+02 -2.547246e+00 
 3.467369e+02  1.798989e+01  3.467369e+02 -2.557910e+00 
 3.548134e+02  1.804983e+01  3.548134e+02 -2.568479e+00 
 3.630781e+02  1.810785e+01  3.630781e+02 -2.578949e+00 
 3.715352e+02  1.816399e+01  3.715352e+02 -2.589317e+00 
 3.801894e+02  1.821829e+01  3.801894e+02 -2.599579e+00 
 3.890451e+02  1.827079e+01  3.890451e+02 -2.609733e+00 
 3.981072e+02  1.832153e+01  3.981072e+02 -2.619775e+00 
 4.073803e+02  1.837054e+01  4.073803e+02 -2.629702e+00 
 4.168694e+02  1.841787e+01  4.168694e+02 -2.639513e+00 
 4.265795e+02  1.846355e+01  4.265795e+02 -2.649204e+00 
 4.365158e+02  1.850763e+01  4.365158e+02 -2.658774e+00 
 4.466836e+02  1.855015e+01  4.466836e+02 -2.668221e+00 
 4.570882e+02  1.859115e+01  4.570882e+02 -2.677543e+00 
 4.677351e+02  1.863067e+01  4.677351e+02 -2.686738e+00 
 4.786301e+02  1.866875e+01  4.786301e+02 -2.695806e+00 
 4.897788e+02  1.870542e+01  4.897788e+02 -2.704745e+00 
 5.011872e+02  1.874074e+01  5.011872e+02 -2.713554e+00 
 5.128614e+02  1.877474e+01  5.128614e+02 -2.722233e+00 
 5.248075e+02  1.880746e+01  5.248075e+02 -2.730781e+00 
 5.370318e+02  1.883894e+01  5.370318e+02 -2.739198e+00 
 5.495409e+02  1.886921e+01  5.495409e+02 -2.747482e+00 
 5.623413e+02  1.889833e+01  5.623413e+02 -2.755635e+00 
 5.754399e+02  1.892631e+01  5.754399e+02 -2.763657e+00 
 5.888437e+02  1.895321e+01  5.888437e+02 -2.771546e+00 
 6.025596e+02  1.897905e+01  6.025596e+02 -2.779305e+00 
 6.165950e+02  1.900387e+01  6.165950e+02 -2.786932e+00 
 6.309573e+02  1.902771e+01  6.309573e+02 -2.794429e+00 
 6.456542e+02  1.905059e+01  6.456542e+02 -2.801797e+00 
 6.606934e+02  1.907257e+01  6.606934e+02 -2.809036e+00 
 6.760830e+02  1.909365e+01  6.760830e+02 -2.816146e+00 
 6.918310e+02  1.911388e+01  6.918310e+02 -2.823130e+00 
 7.079458e+02  1.913330e+01  7.079458e+02 -2.829988e+00 
 7.244360e+02  1.915191e+01  7.244360e+02 -2.836720e+00 
 7.413102e+02  1.916977e+01  7.413102e+02 -2.843329e+00 
 7.585776e+02  1.918689e+01  7.585776e+02 -2.849815e+00 
 7.762471e+02  1.920330e+01  7.762471e+02 -2.856180e+00 
 7.943282e+02  1.921903e+01  7.943282e+02 -2.862425e+00 
 8.128305e+02  1.923411e+01  8.128305e+02 -2.868551e+00 
 8.317638e+02  1.924856e+01  8.317638e+02 -2.874561e+00 
 8.511380e+02  1.926240e+01  8.511380e+02 -2.880455e+00 
 8.709636e+02  1.927566e+01  8.709636e+02 -2.886235e+00 
 8.912509e+02  1.928837e+01  8.912509e+02 -2.891902e+00 
 9.120108e+02  1.930053e+01  9.120108e+02 -2.897458e+00 
 9.332543e+02  1.931218e+01  9.332543e+02 -2.902906e+00 
 9.549926e+02  1.932333e+01  9.549926e+02 -2.908245e+00 
 9.772372e+02  1.933401e+01  9.772372e+02 -2.913479e+00 
 1.000000e+03  1.934423e+01  1.000000e+03 -2.918608e+00 
 1.023293e+03  1.935402e+01  1.023293e+03 -2.923635e+00 
 1.047129e+03  1.936338e+01  1.047129e+03 -2.928560e+00 
 1.071519e+03  1.937235e+01  1.071519e+03 -2.933387e+00 
 1.096478e+03  1.938092e+01  1.096478e+03 -2.938115e+00 
 1.122018e+03  1.938913e+01  1.122018e+03 -2.942748e+00 
 1.148154e+03  1.939698e+01  1.148154e+03 -2.947287e+00 
 1.174898e+03  1.940449e+01  1.174898e+03 -2.951733e+00 
 1.202264e+03  1.941167e+01  1.202264e+03 -2.956088e+00 
 1.230269e+03  1.941855e+01  1.230269e+03 -2.960355e+00 
 1.258925e+03  1.942512e+01  1.258925e+03 -2.964533e+00 
 1.288250e+03  1.943141e+01  1.288250e+03 -2.968626e+00 
 1.318257e+03  1.943742e+01  1.318257e+03 -2.972635e+00 
 1.348963e+03  1.944317e+01  1.348963e+03 -2.976561e+00 
 1.380384e+03  1.944866e+01  1.380384e+03 -2.980407e+00 
 1.412538e+03  1.945392e+01  1.412538e+03 -2.984173e+00 
 1.445440e+03  1.945894e+01  1.445440e+03 -2.987861e+00 
 1.479108e+03  1.946375e+01  1.479108e+03 -2.991474e+00 
 1.513561e+03  1.946834e+01  1.513561e+03 -2.995012e+00 
 1.548817e+03  1.947273e+01  1.548817e+03 -2.998476e+00 
 1.584893e+03  1.947692e+01  1.584893e+03 -3.001870e+00 
 1.621810e+03  1.948094e+01  1.621810e+03 -3.005193e+00 
 1.659587e+03  1.948477e+01  1.659587e+03 -3.008448e+00 
 1.698244e+03  1.948843e+01  1.698244e+03 -3.011636e+00 
 1.737801e+03  1.949193e+01  1.737801e+03 -3.014758e+00 
 1.778279e+03  1.949528e+01  1.778279e+03 -3.017817e+00 
 1.819701e+03  1.949848e+01  1.819701e+03 -3.020812e+00 
 1.862087e+03  1.950153e+01  1.862087e+03 -3.023747e+00 
 1.905461e+03  1.950445e+01  1.905461e+03 -3.026621e+00 
 1.949845e+03  1.950724e+01  1.949845e+03 -3.029437e+00 
 1.995262e+03  1.950991e+01  1.995262e+03 -3.032196e+00 
 2.041738e+03  1.951245e+01  2.041738e+03 -3.034899e+00 
 2.089296e+03  1.951489e+01  2.089296e+03 -3.037547e+00 
 2.137962e+03  1.951721e+01  2.137962e+03 -3.040142e+00 
 2.187762e+03  1.951943e+01  2.187762e+03 -3.042684e+00 
 2.238721e+03  1.952155e+01  2.238721e+03 -3.045176e+00 
 2.290868e+03  1.952358e+01  2.290868e+03 -3.047619e+00 
 2.344229e+03  1.952551e+01  2.344229e+03 -3.050012e+00 
 2.398833e+03  1.952736e+01  2.398833e+03 -3.052359e+00 
 2.454709e+03  1.952912e+01  2.454709e+03 -3.054660e+00 
 2.511886e+03  1.953081e+01  2.511886e+03 -3.056915e+00 
 2.570396e+03  1.953242e+01  2.570396e+03 -3.059127e+00 
 2.630268e+03  1.953395e+01  2.630268e+03 -3.061296e+00 
 2.691535e+03  1.953542e+01  2.691535e+03 -3.063423e+00 
 2.754229e+03  1.953682e+01  2.754229e+03 -3.065510e+00 
 2.818383e+03  1.953816e+01  2.818383e+03 -3.067557e+00 
 2.884032e+03  1.953944e+01  2.884032e+03 -3.069566e+00 
 2.951209e+03  1.954065e+01  2.951209e+03 -3.071537e+00 
 3.019952e+03  1.954182e+01  3.019952e+03 -3.073472e+00 
 3.090295e+03  1.954293e+01  3.090295e+03 -3.075371e+00 
 3.162278e+03  1.954399e+01  3.162278e+03 -3.077236e+00 
 3.235937e+03  1.954500e+01  3.235937e+03 -3.079067e+00 
 3.311311e+03  1.954596e+01  3.311311e+03 -3.080865e+00 
 3.388442e+03  1.954688e+01  3.388442e+03 -3.082632e+00 
 3.467369e+03  1.954776e+01  3.467369e+03 -3.084368e+00 
 3.548134e+03  1.954859e+01  3.548134e+03 -3.086074e+00 
 3.630781e+03  1.954939e+01  3.630781e+03 -3.087751e+00 
 3.715352e+03  1.955015e+01  3.715352e+03 -3.089400e+00 
 3.801894e+03  1.955088e+01  3.801894e+03 -3.091021e+00 
 3.890451e+03  1.955157e+01  3.890451e+03 -3.092616e+00 
 3.981072e+03  1.955222e+01  3.981072e+03 -3.094185e+00 
 4.073803e+03  1.955285e+01  4.073803e+03 -3.095729e+00 
 4.168694e+03  1.955344e+01  4.168694e+03 -3.097250e+00 
 4.265795e+03  1.955401e+01  4.265795e+03 -3.098746e+00 
 4.365158e+03  1.955455e+01  4.365158e+03 -3.100221e+00 
 4.466836e+03  1.955507e+01  4.466836e+03 -3.101674e+00 
 4.570882e+03  1.955555e+01  4.570882e+03 -3.103105e+00 
 4.677351e+03  1.955602e+01  4.677351e+03 -3.104517e+00 
 4.786301e+03  1.955646e+01  4.786301e+03 -3.105909e+00 
 4.897788e+03  1.955687e+01  4.897788e+03 -3.107282e+00 
 5.011872e+03  1.955727e+01  5.011872e+03 -3.108637e+00 
 5.128614e+03  1.955765e+01  5.128614e+03 -3.109975e+00 
 5.248075e+03  1.955800e+01  5.248075e+03 -3.111297e+00 
 5.370318e+03  1.955834e+01  5.370318e+03 -3.112602e+00 
 5.495409e+03  1.955866e+01  5.495409e+03 -3.113892e+00 
 5.623413e+03  1.955896e+01  5.623413e+03 -3.115167e+00 
 5.754399e+03  1.955924e+01  5.754399e+03 -3.116429e+00 
 5.888437e+03  1.955950e+01  5.888437e+03 -3.117677e+00 
 6.025596e+03  1.955975e+01  6.025596e+03 -3.118913e+00 
 6.165950e+03  1.955999e+01  6.165950e+03 -3.120136e+00 
 6.309573e+03  1.956021e+01  6.309573e+03 -3.121349e+00 
 6.456542e+03  1.956041e+01  6.456542e+03 -3.122551e+00 
 6.606934e+03  1.956061e+01  6.606934e+03 -3.123742e+00 
 6.760830e+03  1.956078e+01  6.760830e+03 -3.124925e+00 
 6.918310e+03  1.956095e+01  6.918310e+03 -3.126098e+00 
 7.079458e+03  1.956110e+01  7.079458e+03 -3.127263e+00 
 7.244360e+03  1.956124e+01  7.244360e+03 -3.128421e+00 
 7.413102e+03  1.956136e+01  7.413102e+03 -3.129572e+00 
 7.585776e+03  1.956148e+01  7.585776e+03 -3.130716e+00 
 7.762471e+03  1.956158e+01  7.762471e+03 -3.131855e+00 
 7.943282e+03  1.956167e+01  7.943282e+03 -3.132989e+00 
 8.128305e+03  1.956175e+01  8.128305e+03 -3.134118e+00 
 8.317638e+03  1.956182e+01  8.317638e+03 -3.135243e+00 
 8.511380e+03  1.956187e+01  8.511380e+03 -3.136365e+00 
 8.709636e+03  1.956192e+01  8.709636e+03 -3.137483e+00 
 8.912509e+03  1.956195e+01  8.912509e+03 -3.138600e+00 
 9.120108e+03  1.956198e+01  9.120108e+03 -3.139716e+00 
 9.332543e+03  1.956199e+01  9.332543e+03 -3.140830e+00 
 9.549926e+03  1.956199e+01  9.549926e+03  3.141242e+00 
 9.772372e+03  1.956199e+01  9.772372e+03  3.140128e+00 
 1.000000e+04  1.956197e+01  1.000000e+04  3.139013e+00 
 1.023293e+04  1.956194e+01  1.023293e+04  3.137897e+00 
 1.047129e+04  1.956189e+01  1.047129e+04  3.136779e+00 
 1.071519e+04  1.956184e+01  1.071519e+04  3.135658e+00 
 1.096478e+04  1.956178e+01  1.096478e+04  3.134534e+00 
 1.122018e+04  1.956171e+01  1.122018e+04  3.133407e+00 
 1.148154e+04  1.956162e+01  1.148154e+04  3.132275e+00 
 1.174898e+04  1.956152e+01  1.174898e+04  3.131138e+00 
 1.202264e+04  1.956141e+01  1.202264e+04  3.129996e+00 
 1.230269e+04  1.956129e+01  1.230269e+04  3.128847e+00 
 1.258925e+04  1.956116e+01  1.258925e+04  3.127692e+00 
 1.288250e+04  1.956102e+01  1.288250e+04  3.126530e+00 
 1.318257e+04  1.956086e+01  1.318257e+04  3.125359e+00 
 1.348963e+04  1.956069e+01  1.348963e+04  3.124180e+00 
 1.380384e+04  1.956050e+01  1.380384e+04  3.122992e+00 
 1.412538e+04  1.956030e+01  1.412538e+04  3.121794e+00 
 1.445440e+04  1.956009e+01  1.445440e+04  3.120586e+00 
 1.479108e+04  1.955986e+01  1.479108e+04  3.119366e+00 
 1.513561e+04  1.955962e+01  1.513561e+04  3.118135e+00 
 1.548817e+04  1.955936e+01  1.548817e+04  3.116892e+00 
 1.584893e+04  1.955908e+01  1.584893e+04  3.115635e+00 
 1.621810e+04  1.955879e+01  1.621810e+04  3.114365e+00 
 1.659587e+04  1.955848e+01  1.659587e+04  3.113081e+00 
 1.698244e+04  1.955815e+01  1.698244e+04  3.111781e+00 
 1.737801e+04  1.955780e+01  1.737801e+04  3.110466e+00 
 1.778279e+04  1.955744e+01  1.778279e+04  3.109134e+00 
 1.819701e+04  1.955705e+01  1.819701e+04  3.107785e+00 
 1.862087e+04  1.955664e+01  1.862087e+04  3.106419e+00 
 1.905461e+04  1.955621e+01  1.905461e+04  3.105034e+00 
 1.949845e+04  1.955576e+01  1.949845e+04  3.103630e+00 
 1.995262e+04  1.955528e+01  1.995262e+04  3.102205e+00 
 2.041738e+04  1.955478e+01  2.041738e+04  3.100760e+00 
 2.089296e+04  1.955425e+01  2.089296e+04  3.099294e+00 
 2.137962e+04  1.955370e+01  2.137962e+04  3.097805e+00 
 2.187762e+04  1.955312e+01  2.187762e+04  3.096294e+00 
 2.238721e+04  1.955250e+01  2.238721e+04  3.094759e+00 
 2.290868e+04  1.955186e+01  2.290868e+04  3.093199e+00 
 2.344229e+04  1.955118e+01  2.344229e+04  3.091613e+00 
 2.398833e+04  1.955047e+01  2.398833e+04  3.090002e+00 
 2.454709e+04  1.954973e+01  2.454709e+04  3.088363e+00 
 2.511886e+04  1.954895e+01  2.511886e+04  3.086697e+00 
 2.570396e+04  1.954813e+01  2.570396e+04  3.085002e+00 
 2.630268e+04  1.954727e+01  2.630268e+04  3.083277e+00 
 2.691535e+04  1.954637e+01  2.691535e+04  3.081522e+00 
 2.754229e+04  1.954543e+01  2.754229e+04  3.079735e+00 
 2.818383e+04  1.954444e+01  2.818383e+04  3.077916e+00 
 2.884032e+04  1.954340e+01  2.884032e+04  3.076064e+00 
 2.951209e+04  1.954231e+01  2.951209e+04  3.074177e+00 
 3.019952e+04  1.954117e+01  3.019952e+04  3.072256e+00 
 3.090295e+04  1.953998e+01  3.090295e+04  3.070298e+00 
 3.162278e+04  1.953873e+01  3.162278e+04  3.068303e+00 
 3.235937e+04  1.953742e+01  3.235937e+04  3.066271e+00 
 3.311311e+04  1.953605e+01  3.311311e+04  3.064198e+00 
 3.388442e+04  1.953461e+01  3.388442e+04  3.062086e+00 
 3.467369e+04  1.953310e+01  3.467369e+04  3.059933e+00 
 3.548134e+04  1.953153e+01  3.548134e+04  3.057737e+00 
 3.630781e+04  1.952988e+01  3.630781e+04  3.055497e+00 
 3.715352e+04  1.952815e+01  3.715352e+04  3.053214e+00 
 3.801894e+04  1.952634e+01  3.801894e+04  3.050884e+00 
 3.890451e+04  1.952444e+01  3.890451e+04  3.048508e+00 
 3.981072e+04  1.952246e+01  3.981072e+04  3.046083e+00 
 4.073803e+04  1.952038e+01  4.073803e+04  3.043610e+00 
 4.168694e+04  1.951820e+01  4.168694e+04  3.041086e+00 
 4.265795e+04  1.951592e+01  4.265795e+04  3.038510e+00 
 4.365158e+04  1.951354e+01  4.365158e+04  3.035882e+00 
 4.466836e+04  1.951104e+01  4.466836e+04  3.033199e+00 
 4.570882e+04  1.950843e+01  4.570882e+04  3.030461e+00 
 4.677351e+04  1.950570e+01  4.677351e+04  3.027666e+00 
 4.786301e+04  1.950284e+01  4.786301e+04  3.024814e+00 
 4.897788e+04  1.949984e+01  4.897788e+04  3.021901e+00 
 5.011872e+04  1.949671e+01  5.011872e+04  3.018928e+00 
 5.128614e+04  1.949343e+01  5.128614e+04  3.015893e+00 
 5.248075e+04  1.949000e+01  5.248075e+04  3.012794e+00 
 5.370318e+04  1.948640e+01  5.370318e+04  3.009630e+00 
 5.495409e+04  1.948265e+01  5.495409e+04  3.006400e+00 
 5.623413e+04  1.947871e+01  5.623413e+04  3.003102e+00 
 5.754399e+04  1.947460e+01  5.754399e+04  2.999734e+00 
 5.888437e+04  1.947030e+01  5.888437e+04  2.996296e+00 
 6.025596e+04  1.946580e+01  6.025596e+04  2.992785e+00 
 6.165950e+04  1.946109e+01  6.165950e+04  2.989200e+00 
 6.309573e+04  1.945616e+01  6.309573e+04  2.985539e+00 
 6.456542e+04  1.945101e+01  6.456542e+04  2.981802e+00 
 6.606934e+04  1.944562e+01  6.606934e+04  2.977985e+00 
 6.760830e+04  1.943998e+01  6.760830e+04  2.974088e+00 
 6.918310e+04  1.943409e+01  6.918310e+04  2.970110e+00 
 7.079458e+04  1.942792e+01  7.079458e+04  2.966048e+00 
 7.244360e+04  1.942148e+01  7.244360e+04  2.961900e+00 
 7.413102e+04  1.941474e+01  7.413102e+04  2.957666e+00 
 7.585776e+04  1.940770e+01  7.585776e+04  2.953343e+00 
 7.762471e+04  1.940033e+01  7.762471e+04  2.948930e+00 
 7.943282e+04  1.939263e+01  7.943282e+04  2.944424e+00 
 8.128305e+04  1.938458e+01  8.128305e+04  2.939826e+00 
 8.317638e+04  1.937617e+01  8.317638e+04  2.935132e+00 
 8.511380e+04  1.936738e+01  8.511380e+04  2.930340e+00 
 8.709636e+04  1.935820e+01  8.709636e+04  2.925451e+00 
 8.912509e+04  1.934860e+01  8.912509e+04  2.920460e+00 
 9.120108e+04  1.933857e+01  9.120108e+04  2.915368e+00 
 9.332543e+04  1.932810e+01  9.332543e+04  2.910172e+00 
 9.549926e+04  1.931716e+01  9.549926e+04  2.904870e+00 
 9.772372e+04  1.930573e+01  9.772372e+04  2.899462e+00 
 1.000000e+05  1.929379e+01  1.000000e+05  2.893944e+00 
 1.023293e+05  1.928133e+01  1.023293e+05  2.888316e+00 
 1.047129e+05  1.926832e+01  1.047129e+05  2.882576e+00 
 1.071519e+05  1.925474e+01  1.071519e+05  2.876723e+00 
 1.096478e+05  1.924056e+01  1.096478e+05  2.870754e+00 
 1.122018e+05  1.922576e+01  1.122018e+05  2.864669e+00 
 1.148154e+05  1.921032e+01  1.148154e+05  2.858465e+00 
 1.174898e+05  1.919421e+01  1.174898e+05  2.852142e+00 
 1.202264e+05  1.917740e+01  1.202264e+05  2.845699e+00 
 1.230269e+05  1.915988e+01  1.230269e+05  2.839132e+00 
 1.258925e+05  1.914160e+01  1.258925e+05  2.832443e+00 
 1.288250e+05  1.912254e+01  1.288250e+05  2.825628e+00 
 1.318257e+05  1.910267e+01  1.318257e+05  2.818688e+00 
 1.348963e+05  1.908197e+01  1.348963e+05  2.811621e+00 
 1.380384e+05  1.906039e+01  1.380384e+05  2.804426e+00 
 1.412538e+05  1.903791e+01  1.412538e+05  2.797102e+00 
 1.445440e+05  1.901450e+01  1.445440e+05  2.789648e+00 
 1.479108e+05  1.899011e+01  1.479108e+05  2.782064e+00 
 1.513561e+05  1.896473e+01  1.513561e+05  2.774349e+00 
 1.548817e+05  1.893830e+01  1.548817e+05  2.766503e+00 
 1.584893e+05  1.891080e+01  1.584893e+05  2.758524e+00 
 1.621810e+05  1.888219e+01  1.621810e+05  2.750414e+00 
 1.659587e+05  1.885243e+01  1.659587e+05  2.742172e+00 
 1.698244e+05  1.882149e+01  1.698244e+05  2.733797e+00 
 1.737801e+05  1.878932e+01  1.737801e+05  2.725291e+00 
 1.778279e+05  1.875589e+01  1.778279e+05  2.716653e+00 
 1.819701e+05  1.872116e+01  1.819701e+05  2.707884e+00 
 1.862087e+05  1.868509e+01  1.862087e+05  2.698984e+00 
 1.905461e+05  1.864763e+01  1.905461e+05  2.689955e+00 
 1.949845e+05  1.860875e+01  1.949845e+05  2.680797e+00 
 1.995262e+05  1.856841e+01  1.995262e+05  2.671512e+00 
 2.041738e+05  1.852657e+01  2.041738e+05  2.662101e+00 
 2.089296e+05  1.848318e+01  2.089296e+05  2.652565e+00 
 2.137962e+05  1.843821e+01  2.137962e+05  2.642907e+00 
 2.187762e+05  1.839161e+01  2.187762e+05  2.633128e+00 
 2.238721e+05  1.834335e+01  2.238721e+05  2.623231e+00 
 2.290868e+05  1.829338e+01  2.290868e+05  2.613217e+00 
 2.344229e+05  1.824166e+01  2.344229e+05  2.603090e+00 
 2.398833e+05  1.818816e+01  2.398833e+05  2.592853e+00 
 2.454709e+05  1.813284e+01  2.454709e+05  2.582508e+00 
 2.511886e+05  1.807565e+01  2.511886e+05  2.572058e+00 
 2.570396e+05  1.801656e+01  2.570396e+05  2.561508e+00 
 2.630268e+05  1.795554e+01  2.630268e+05  2.550861e+00 
 2.691535e+05  1.789255e+01  2.691535e+05  2.540120e+00 
 2.754229e+05  1.782756e+01  2.754229e+05  2.529290e+00 
 2.818383e+05  1.776052e+01  2.818383e+05  2.518375e+00 
 2.884032e+05  1.769143e+01  2.884032e+05  2.507380e+00 
 2.951209e+05  1.762023e+01  2.951209e+05  2.496309e+00 
 3.019952e+05  1.754691e+01  3.019952e+05  2.485167e+00 
 3.090295e+05  1.747144e+01  3.090295e+05  2.473959e+00 
 3.162278e+05  1.739379e+01  3.162278e+05  2.462691e+00 
 3.235937e+05  1.731394e+01  3.235937e+05  2.451367e+00 
 3.311311e+05  1.723188e+01  3.311311e+05  2.439993e+00 
 3.388442e+05  1.714757e+01  3.388442e+05  2.428575e+00 
 3.467369e+05  1.706102e+01  3.467369e+05  2.417119e+00 
 3.548134e+05  1.697219e+01  3.548134e+05  2.405630e+00 
 3.630781e+05  1.688109e+01  3.630781e+05  2.394113e+00 
 3.715352e+05  1.678770e+01  3.715352e+05  2.382576e+00 
 3.801894e+05  1.669201e+01  3.801894e+05  2.371024e+00 
 3.890451e+05  1.659402e+01  3.890451e+05  2.359463e+00 
 3.981072e+05  1.649373e+01  3.981072e+05  2.347899e+00 
 4.073803e+05  1.639114e+01  4.073803e+05  2.336338e+00 
 4.168694e+05  1.628625e+01  4.168694e+05  2.324787e+00 
 4.265795e+05  1.617907e+01  4.265795e+05  2.313251e+00 
 4.365158e+05  1.606960e+01  4.365158e+05  2.301736e+00 
 4.466836e+05  1.595785e+01  4.466836e+05  2.290248e+00 
 4.570882e+05  1.584384e+01  4.570882e+05  2.278794e+00 
 4.677351e+05  1.572758e+01  4.677351e+05  2.267379e+00 
 4.786301e+05  1.560909e+01  4.786301e+05  2.256008e+00 
 4.897788e+05  1.548838e+01  4.897788e+05  2.244687e+00 
 5.011872e+05  1.536548e+01  5.011872e+05  2.233422e+00 
 5.128614e+05  1.524041e+01  5.128614e+05  2.222218e+00 
 5.248075e+05  1.511319e+01  5.248075e+05  2.211080e+00 
 5.370318e+05  1.498386e+01  5.370318e+05  2.200013e+00 
 5.495409e+05  1.485244e+01  5.495409e+05  2.189021e+00 
 5.623413e+05  1.471896e+01  5.623413e+05  2.178110e+00 
 5.754399e+05  1.458345e+01  5.754399e+05  2.167284e+00 
 5.888437e+05  1.444594e+01  5.888437e+05  2.156546e+00 
 6.025596e+05  1.430647e+01  6.025596e+05  2.145902e+00 
 6.165950e+05  1.416508e+01  6.165950e+05  2.135355e+00 
 6.309573e+05  1.402180e+01  6.309573e+05  2.124908e+00 
 6.456542e+05  1.387666e+01  6.456542e+05  2.114565e+00 
 6.606934e+05  1.372971e+01  6.606934e+05  2.104329e+00 
 6.760830e+05  1.358099e+01  6.760830e+05  2.094204e+00 
 6.918310e+05  1.343053e+01  6.918310e+05  2.084191e+00 
 7.079458e+05  1.327837e+01  7.079458e+05  2.074293e+00 
 7.244360e+05  1.312456e+01  7.244360e+05  2.064514e+00 
 7.413102e+05  1.296913e+01  7.413102e+05  2.054854e+00 
 7.585776e+05  1.281213e+01  7.585776e+05  2.045316e+00 
 7.762471e+05  1.265359e+01  7.762471e+05  2.035901e+00 
 7.943282e+05  1.249357e+01  7.943282e+05  2.026611e+00 
 8.128305e+05  1.233208e+01  8.128305e+05  2.017448e+00 
 8.317638e+05  1.216919e+01  8.317638e+05  2.008412e+00 
 8.511380e+05  1.200493e+01  8.511380e+05  1.999504e+00 
 8.709636e+05  1.183933e+01  8.709636e+05  1.990726e+00 
 8.912509e+05  1.167245e+01  8.912509e+05  1.982077e+00 
 9.120108e+05  1.150431e+01  9.120108e+05  1.973559e+00 
 9.332543e+05  1.133495e+01  9.332543e+05  1.965171e+00 
 9.549926e+05  1.116443e+01  9.549926e+05  1.956913e+00 
 9.772372e+05  1.099276e+01  9.772372e+05  1.948786e+00 
 1.000000e+06  1.081999e+01  1.000000e+06  1.940790e+00 
 1.023293e+06  1.064616e+01  1.023293e+06  1.932923e+00 
 1.047129e+06  1.047130e+01  1.047129e+06  1.925187e+00 
 1.071519e+06  1.029544e+01  1.071519e+06  1.917579e+00 
 1.096478e+06  1.011862e+01  1.096478e+06  1.910100e+00 
 1.122018e+06  9.940881e+00  1.122018e+06  1.902748e+00 
 1.148154e+06  9.762244e+00  1.148154e+06  1.895523e+00 
 1.174898e+06  9.582744e+00  1.174898e+06  1.888424e+00 
 1.202264e+06  9.402414e+00  1.202264e+06  1.881450e+00 
 1.230269e+06  9.221282e+00  1.230269e+06  1.874600e+00 
 1.258925e+06  9.039379e+00  1.258925e+06  1.867872e+00 
 1.288250e+06  8.856732e+00  1.288250e+06  1.861265e+00 
 1.318257e+06  8.673371e+00  1.318257e+06  1.854779e+00 
 1.348963e+06  8.489321e+00  1.348963e+06  1.848410e+00 
 1.380384e+06  8.304609e+00  1.380384e+06  1.842159e+00 
 1.412538e+06  8.119261e+00  1.412538e+06  1.836024e+00 
 1.445440e+06  7.933300e+00  1.445440e+06  1.830003e+00 
 1.479108e+06  7.746751e+00  1.479108e+06  1.824094e+00 
 1.513561e+06  7.559637e+00  1.513561e+06  1.818296e+00 
 1.548817e+06  7.371980e+00  1.548817e+06  1.812607e+00 
 1.584893e+06  7.183801e+00  1.584893e+06  1.807026e+00 
 1.621810e+06  6.995122e+00  1.621810e+06  1.801551e+00 
 1.659587e+06  6.805962e+00  1.659587e+06  1.796181e+00 
 1.698244e+06  6.616341e+00  1.698244e+06  1.790912e+00 
 1.737801e+06  6.426278e+00  1.737801e+06  1.785745e+00 
 1.778279e+06  6.235790e+00  1.778279e+06  1.780677e+00 
 1.819701e+06  6.044896e+00  1.819701e+06  1.775706e+00 
 1.862087e+06  5.853611e+00  1.862087e+06  1.770830e+00 
 1.905461e+06  5.661952e+00  1.905461e+06  1.766049e+00 
 1.949845e+06  5.469934e+00  1.949845e+06  1.761359e+00 
 1.995262e+06  5.277573e+00  1.995262e+06  1.756760e+00 
 2.041738e+06  5.084883e+00  2.041738e+06  1.752249e+00 
 2.089296e+06  4.891878e+00  2.089296e+06  1.747826e+00 
 2.137962e+06  4.698570e+00  2.137962e+06  1.743487e+00 
 2.187762e+06  4.504974e+00  2.187762e+06  1.739231e+00 
 2.238721e+06  4.311100e+00  2.238721e+06  1.735057e+00 
 2.290868e+06  4.116962e+00  2.290868e+06  1.730963e+00 
 2.344229e+06  3.922570e+00  2.344229e+06  1.726948e+00 
 2.398833e+06  3.727935e+00  2.398833e+06  1.723008e+00 
 2.454709e+06  3.533069e+00  2.454709e+06  1.719144e+00 
 2.511886e+06  3.337980e+00  2.511886e+06  1.715352e+00 
 2.570396e+06  3.142678e+00  2.570396e+06  1.711632e+00 
 2.630268e+06  2.947173e+00  2.630268e+06  1.707982e+00 
 2.691535e+06  2.751475e+00  2.691535e+06  1.704400e+00 
 2.754229e+06  2.555590e+00  2.754229e+06  1.700885e+00 
 2.818383e+06  2.359528e+00  2.818383e+06  1.697435e+00 
 2.884032e+06  2.163296e+00  2.884032e+06  1.694048e+00 
 2.951209e+06  1.966902e+00  2.951209e+06  1.690723e+00 
 3.019952e+06  1.770354e+00  3.019952e+06  1.687459e+00 
 3.090295e+06  1.573657e+00  3.090295e+06  1.684253e+00 
 3.162278e+06  1.376820e+00  3.162278e+06  1.681105e+00 
 3.235937e+06  1.179847e+00  3.235937e+06  1.678012e+00 
 3.311311e+06  9.827464e-01  3.311311e+06  1.674974e+00 
 3.388442e+06  7.855227e-01  3.388442e+06  1.671989e+00 
 3.467369e+06  5.881819e-01  3.467369e+06  1.669055e+00 
 3.548134e+06  3.907294e-01  3.548134e+06  1.666172e+00 
 3.630781e+06  1.931705e-01  3.630781e+06  1.663337e+00 
 3.715352e+06 -4.489794e-03  3.715352e+06  1.660550e+00 
 3.801894e+06 -2.022467e-01  3.801894e+06  1.657808e+00 
 3.890451e+06 -4.000957e-01  3.890451e+06  1.655111e+00 
 3.981072e+06 -5.980323e-01  3.981072e+06  1.652457e+00 
 4.073803e+06 -7.960522e-01  4.073803e+06  1.649846e+00 
 4.168694e+06 -9.941513e-01  4.168694e+06  1.647275e+00 
 4.265795e+06 -1.192326e+00  4.265795e+06  1.644743e+00 
 4.365158e+06 -1.390572e+00  4.365158e+06  1.642249e+00 
 4.466836e+06 -1.588886e+00  4.466836e+06  1.639793e+00 
 4.570882e+06 -1.787264e+00  4.570882e+06  1.637372e+00 
 4.677351e+06 -1.985703e+00  4.677351e+06  1.634985e+00 
 4.786301e+06 -2.184201e+00  4.786301e+06  1.632631e+00 
 4.897788e+06 -2.382752e+00  4.897788e+06  1.630310e+00 
 5.011872e+06 -2.581356e+00  5.011872e+06  1.628019e+00 
 5.128614e+06 -2.780008e+00  5.128614e+06  1.625758e+00 
 5.248075e+06 -2.978706e+00  5.248075e+06  1.623526e+00 
 5.370318e+06 -3.177447e+00  5.370318e+06  1.621321e+00 
 5.495409e+06 -3.376229e+00  5.495409e+06  1.619142e+00 
 5.623413e+06 -3.575049e+00  5.623413e+06  1.616988e+00 
 5.754399e+06 -3.773905e+00  5.754399e+06  1.614859e+00 
 5.888437e+06 -3.972793e+00  5.888437e+06  1.612752e+00 
 6.025596e+06 -4.171713e+00  6.025596e+06  1.610667e+00 
 6.165950e+06 -4.370661e+00  6.165950e+06  1.608603e+00 
 6.309573e+06 -4.569635e+00  6.309573e+06  1.606558e+00 
 6.456542e+06 -4.768634e+00  6.456542e+06  1.604532e+00 
 6.606934e+06 -4.967654e+00  6.606934e+06  1.602524e+00 
 6.760830e+06 -5.166695e+00  6.760830e+06  1.600532e+00 
 6.918310e+06 -5.365753e+00  6.918310e+06  1.598555e+00 
 7.079458e+06 -5.564828e+00  7.079458e+06  1.596593e+00 
 7.244360e+06 -5.763917e+00  7.244360e+06  1.594645e+00 
 7.413102e+06 -5.963018e+00  7.413102e+06  1.592708e+00 
 7.585776e+06 -6.162129e+00  7.585776e+06  1.590784e+00 
 7.762471e+06 -6.361248e+00  7.762471e+06  1.588869e+00 
 7.943282e+06 -6.560374e+00  7.943282e+06  1.586964e+00 
 8.128305e+06 -6.759505e+00  8.128305e+06  1.585067e+00 
 8.317638e+06 -6.958639e+00  8.317638e+06  1.583178e+00 
 8.511380e+06 -7.157773e+00  8.511380e+06  1.581295e+00 
 8.709636e+06 -7.356907e+00  8.709636e+06  1.579418e+00 
 8.912509e+06 -7.556038e+00  8.912509e+06  1.577545e+00 
 9.120108e+06 -7.755165e+00  9.120108e+06  1.575675e+00 
 9.332543e+06 -7.954285e+00  9.332543e+06  1.573808e+00 
 9.549926e+06 -8.153397e+00  9.549926e+06  1.571942e+00 
 9.772372e+06 -8.352499e+00  9.772372e+06  1.570076e+00 
 1.000000e+07 -8.551590e+00  1.000000e+07  1.568211e+00 
 1.023293e+07 -8.750666e+00  1.023293e+07  1.566343e+00 
 1.047129e+07 -8.949726e+00  1.047129e+07  1.564473e+00 
 1.071519e+07 -9.148769e+00  1.071519e+07  1.562600e+00 
 1.096478e+07 -9.347792e+00  1.096478e+07  1.560722e+00 
 1.122018e+07 -9.546793e+00  1.122018e+07  1.558839e+00 
 1.148154e+07 -9.745770e+00  1.148154e+07  1.556949e+00 
 1.174898e+07 -9.944720e+00  1.174898e+07  1.555051e+00 
 1.202264e+07 -1.014364e+01  1.202264e+07  1.553146e+00 
 1.230269e+07 -1.034253e+01  1.230269e+07  1.551230e+00 
 1.258925e+07 -1.054139e+01  1.258925e+07  1.549304e+00 
 1.288250e+07 -1.074022e+01  1.288250e+07  1.547367e+00 
 1.318257e+07 -1.093900e+01  1.318257e+07  1.545417e+00 
 1.348963e+07 -1.113775e+01  1.348963e+07  1.543453e+00 
 1.380384e+07 -1.133645e+01  1.380384e+07  1.541475e+00 
 1.412538e+07 -1.153510e+01  1.412538e+07  1.539481e+00 
 1.445440e+07 -1.173371e+01  1.445440e+07  1.537470e+00 
 1.479108e+07 -1.193227e+01  1.479108e+07  1.535441e+00 
 1.513561e+07 -1.213077e+01  1.513561e+07  1.533394e+00 
 1.548817e+07 -1.232921e+01  1.548817e+07  1.531326e+00 
 1.584893e+07 -1.252760e+01  1.584893e+07  1.529237e+00 
 1.621810e+07 -1.272591e+01  1.621810e+07  1.527126e+00 
 1.659587e+07 -1.292416e+01  1.659587e+07  1.524991e+00 
 1.698244e+07 -1.312234e+01  1.698244e+07  1.522832e+00 
 1.737801e+07 -1.332044e+01  1.737801e+07  1.520647e+00 
 1.778279e+07 -1.351847e+01  1.778279e+07  1.518435e+00 
 1.819701e+07 -1.371641e+01  1.819701e+07  1.516195e+00 
 1.862087e+07 -1.391426e+01  1.862087e+07  1.513926e+00 
 1.905461e+07 -1.411202e+01  1.905461e+07  1.511626e+00 
 1.949845e+07 -1.430968e+01  1.949845e+07  1.509295e+00 
 1.995262e+07 -1.450724e+01  1.995262e+07  1.506930e+00 
 2.041738e+07 -1.470469e+01  2.041738e+07  1.504531e+00 
 2.089296e+07 -1.490203e+01  2.089296e+07  1.502096e+00 
 2.137962e+07 -1.509925e+01  2.137962e+07  1.499625e+00 
 2.187762e+07 -1.529635e+01  2.187762e+07  1.497115e+00 
 2.238721e+07 -1.549332e+01  2.238721e+07  1.494565e+00 
 2.290868e+07 -1.569015e+01  2.290868e+07  1.491974e+00 
 2.344229e+07 -1.588684e+01  2.344229e+07  1.489341e+00 
 2.398833e+07 -1.608338e+01  2.398833e+07  1.486664e+00 
 2.454709e+07 -1.627977e+01  2.454709e+07  1.483941e+00 
 2.511886e+07 -1.647599e+01  2.511886e+07  1.481171e+00 
 2.570396e+07 -1.667203e+01  2.570396e+07  1.478353e+00 
 2.630268e+07 -1.686790e+01  2.630268e+07  1.475485e+00 
 2.691535e+07 -1.706358e+01  2.691535e+07  1.472565e+00 
 2.754229e+07 -1.725906e+01  2.754229e+07  1.469592e+00 
 2.818383e+07 -1.745433e+01  2.818383e+07  1.466564e+00 
 2.884032e+07 -1.764939e+01  2.884032e+07  1.463479e+00 
 2.951209e+07 -1.784421e+01  2.951209e+07  1.460336e+00 
 3.019952e+07 -1.803881e+01  3.019952e+07  1.457133e+00 
 3.090295e+07 -1.823315e+01  3.090295e+07  1.453867e+00 
 3.162278e+07 -1.842723e+01  3.162278e+07  1.450538e+00 
 3.235937e+07 -1.862104e+01  3.235937e+07  1.447144e+00 
 3.311311e+07 -1.881456e+01  3.311311e+07  1.443681e+00 
 3.388442e+07 -1.900779e+01  3.388442e+07  1.440149e+00 
 3.467369e+07 -1.920070e+01  3.467369e+07  1.436545e+00 
 3.548134e+07 -1.939329e+01  3.548134e+07  1.432867e+00 
 3.630781e+07 -1.958554e+01  3.630781e+07  1.429113e+00 
 3.715352e+07 -1.977743e+01  3.715352e+07  1.425282e+00 
 3.801894e+07 -1.996895e+01  3.801894e+07  1.421369e+00 
 3.890451e+07 -2.016007e+01  3.890451e+07  1.417374e+00 
 3.981072e+07 -2.035079e+01  3.981072e+07  1.413294e+00 
 4.073803e+07 -2.054109e+01  4.073803e+07  1.409126e+00 
 4.168694e+07 -2.073093e+01  4.168694e+07  1.404868e+00 
 4.265795e+07 -2.092031e+01  4.265795e+07  1.400517e+00 
 4.365158e+07 -2.110921e+01  4.365158e+07  1.396070e+00 
 4.466836e+07 -2.129760e+01  4.466836e+07  1.391526e+00 
 4.570882e+07 -2.148545e+01  4.570882e+07  1.386880e+00 
 4.677351e+07 -2.167275e+01  4.677351e+07  1.382130e+00 
 4.786301e+07 -2.185947e+01  4.786301e+07  1.377274e+00 
 4.897788e+07 -2.204559e+01  4.897788e+07  1.372307e+00 
 5.011872e+07 -2.223107e+01  5.011872e+07  1.367227e+00 
 5.128614e+07 -2.241590e+01  5.128614e+07  1.362030e+00 
 5.248075e+07 -2.260004e+01  5.248075e+07  1.356713e+00 
 5.370318e+07 -2.278346e+01  5.370318e+07  1.351272e+00 
 5.495409e+07 -2.296613e+01  5.495409e+07  1.345704e+00 
 5.623413e+07 -2.314802e+01  5.623413e+07  1.340004e+00 
 5.754399e+07 -2.332910e+01  5.754399e+07  1.334169e+00 
 5.888437e+07 -2.350933e+01  5.888437e+07  1.328195e+00 
 6.025596e+07 -2.368867e+01  6.025596e+07  1.322076e+00 
 6.165950e+07 -2.386709e+01  6.165950e+07  1.315810e+00 
 6.309573e+07 -2.404455e+01  6.309573e+07  1.309391e+00 
 6.456542e+07 -2.422102e+01  6.456542e+07  1.302813e+00 
 6.606934e+07 -2.439644e+01  6.606934e+07  1.296073e+00 
 6.760830e+07 -2.457078e+01  6.760830e+07  1.289165e+00 
 6.918310e+07 -2.474400e+01  6.918310e+07  1.282083e+00 
 7.079458e+07 -2.491604e+01  7.079458e+07  1.274821e+00 
 7.244360e+07 -2.508687e+01  7.244360e+07  1.267374e+00 
 7.413102e+07 -2.525644e+01  7.413102e+07  1.259735e+00 
 7.585776e+07 -2.542470e+01  7.585776e+07  1.251897e+00 
 7.762471e+07 -2.559160e+01  7.762471e+07  1.243853e+00 
 7.943282e+07 -2.575710e+01  7.943282e+07  1.235597e+00 
 8.128305e+07 -2.592113e+01  8.128305e+07  1.227119e+00 
 8.317638e+07 -2.608365e+01  8.317638e+07  1.218413e+00 
 8.511380e+07 -2.624462e+01  8.511380e+07  1.209469e+00 
 8.709636e+07 -2.640397e+01  8.709636e+07  1.200278e+00 
 8.912509e+07 -2.656165e+01  8.912509e+07  1.190831e+00 
 9.120108e+07 -2.671762e+01  9.120108e+07  1.181118e+00 
 9.332543e+07 -2.687183e+01  9.332543e+07  1.171128e+00 
 9.549926e+07 -2.702421e+01  9.549926e+07  1.160849e+00 
 9.772372e+07 -2.717473e+01  9.772372e+07  1.150270e+00 
 1.000000e+08 -2.732334e+01  1.000000e+08  1.139378e+00 
 1.023293e+08 -2.747000e+01  1.023293e+08  1.128159e+00 
 1.047129e+08 -2.761466e+01  1.047129e+08  1.116599e+00 
 1.071519e+08 -2.775729e+01  1.071519e+08  1.104684e+00 
 1.096478e+08 -2.789785e+01  1.096478e+08  1.092397e+00 
 1.122018e+08 -2.803633e+01  1.122018e+08  1.079721e+00 
 1.148154e+08 -2.817270e+01  1.148154e+08  1.066639e+00 
 1.174898e+08 -2.830696e+01  1.174898e+08  1.053131e+00 
 1.202264e+08 -2.843911e+01  1.202264e+08  1.039177e+00 
 1.230269e+08 -2.856915e+01  1.230269e+08  1.024758e+00 
 1.258925e+08 -2.869712e+01  1.258925e+08  1.009850e+00 
 1.288250e+08 -2.882306e+01  1.288250e+08  9.944308e-01 
 1.318257e+08 -2.894703e+01  1.318257e+08  9.784759e-01 
 1.348963e+08 -2.906910e+01  1.348963e+08  9.619604e-01 
 1.380384e+08 -2.918940e+01  1.380384e+08  9.448583e-01 
 1.412538e+08 -2.930804e+01  1.412538e+08  9.271430e-01 
 1.445440e+08 -2.942520e+01  1.445440e+08  9.087872e-01 
 1.479108e+08 -2.954107e+01  1.479108e+08  8.897634e-01 
 1.513561e+08 -2.965588e+01  1.513561e+08  8.700441e-01 
 1.548817e+08 -2.976991e+01  1.548817e+08  8.496022e-01 
 1.584893e+08 -2.988349e+01  1.584893e+08  8.284116e-01 
 1.621810e+08 -2.999697e+01  1.621810e+08  8.064478e-01 
 1.659587e+08 -3.011079e+01  1.659587e+08  7.836885e-01 
 1.698244e+08 -3.022543e+01  1.698244e+08  7.601149e-01 
 1.737801e+08 -3.034141e+01  1.737801e+08  7.357120e-01 
 1.778279e+08 -3.045932e+01  1.778279e+08  7.104706e-01 
 1.819701e+08 -3.057982e+01  1.819701e+08  6.843879e-01 
 1.862087e+08 -3.070360e+01  1.862087e+08  6.574694e-01 
 1.905461e+08 -3.083143e+01  1.905461e+08  6.297300e-01 
 1.949845e+08 -3.096407e+01  1.949845e+08  6.011958e-01 
 1.995262e+08 -3.110236e+01  1.995262e+08  5.719054e-01 
 2.041738e+08 -3.124713e+01  2.041738e+08  5.419115e-01 
 2.089296e+08 -3.139921e+01  2.089296e+08  5.112816e-01 
 2.137962e+08 -3.155940e+01  2.137962e+08  4.800990e-01 
 2.187762e+08 -3.172846e+01  2.187762e+08  4.484633e-01 
 2.238721e+08 -3.190707e+01  2.238721e+08  4.164898e-01 
 2.290868e+08 -3.209580e+01  2.290868e+08  3.843091e-01 
 2.344229e+08 -3.229512e+01  2.344229e+08  3.520647e-01 
 2.398833e+08 -3.250531e+01  2.398833e+08  3.199117e-01 
 2.454709e+08 -3.272651e+01  2.454709e+08  2.880130e-01 
 2.511886e+08 -3.295864e+01  2.511886e+08  2.565363e-01 
 2.570396e+08 -3.320146e+01  2.570396e+08  2.256497e-01 
 2.630268e+08 -3.345450e+01  2.630268e+08  1.955184e-01 
 2.691535e+08 -3.371713e+01  2.691535e+08  1.662999e-01 
 2.754229e+08 -3.398853e+01  2.754229e+08  1.381406e-01 
 2.818383e+08 -3.426771e+01  2.818383e+08  1.111725e-01 
 2.884032e+08 -3.455358e+01  2.884032e+08  8.551031e-02 
 2.951209e+08 -3.484493e+01  2.951209e+08  6.124969e-02 
 3.019952e+08 -3.514048e+01  3.019952e+08  3.846581e-02 
 3.090295e+08 -3.543891e+01  3.090295e+08  1.721301e-02 
 3.162278e+08 -3.573889e+01  3.162278e+08 -2.475116e-03 
 3.235937e+08 -3.603912e+01  3.235937e+08 -2.058486e-02 
 3.311311e+08 -3.633833e+01  3.311311e+08 -3.712118e-02 
 3.388442e+08 -3.663530e+01  3.388442e+08 -5.210604e-02 
 3.467369e+08 -3.692892e+01  3.467369e+08 -6.557651e-02 
 3.548134e+08 -3.721814e+01  3.548134e+08 -7.758279e-02 
 3.630781e+08 -3.750202e+01  3.630781e+08 -8.818604e-02 
 3.715352e+08 -3.777974e+01  3.715352e+08 -9.745635e-02 
 3.801894e+08 -3.805056e+01  3.801894e+08 -1.054707e-01 
 3.890451e+08 -3.831388e+01  3.890451e+08 -1.123112e-01 
 3.981072e+08 -3.856919e+01  3.981072e+08 -1.180631e-01 
 4.073803e+08 -3.881608e+01  4.073803e+08 -1.228133e-01 
 4.168694e+08 -3.905425e+01  4.168694e+08 -1.266493e-01 
 4.265795e+08 -3.928347e+01  4.265795e+08 -1.296574e-01 
 4.365158e+08 -3.950362e+01  4.365158e+08 -1.319219e-01 
 4.466836e+08 -3.971463e+01  4.466836e+08 -1.335246e-01 
 4.570882e+08 -3.991653e+01  4.570882e+08 -1.345436e-01 
 4.677351e+08 -4.010939e+01  4.677351e+08 -1.350529e-01 
 4.786301e+08 -4.029333e+01  4.786301e+08 -1.351223e-01 
 4.897788e+08 -4.046852e+01  4.897788e+08 -1.348165e-01 
 5.011872e+08 -4.063517e+01  5.011872e+08 -1.341959e-01 
 5.128614e+08 -4.079352e+01  5.128614e+08 -1.333156e-01 
 5.248075e+08 -4.094384e+01  5.248075e+08 -1.322260e-01 
 5.370318e+08 -4.108640e+01  5.370318e+08 -1.309727e-01 
 5.495409e+08 -4.122151e+01  5.495409e+08 -1.295969e-01 
 5.623413e+08 -4.134947e+01  5.623413e+08 -1.281352e-01 
 5.754399e+08 -4.147059e+01  5.754399e+08 -1.266202e-01 
 5.888437e+08 -4.158518e+01  5.888437e+08 -1.250807e-01 
 6.025596e+08 -4.169356e+01  6.025596e+08 -1.235418e-01 
 6.165950e+08 -4.179602e+01  6.165950e+08 -1.220253e-01 
 6.309573e+08 -4.189288e+01  6.309573e+08 -1.205501e-01 
 6.456542e+08 -4.198443e+01  6.456542e+08 -1.191323e-01 
 6.606934e+08 -4.207094e+01  6.606934e+08 -1.177855e-01 
 6.760830e+08 -4.215270e+01  6.760830e+08 -1.165211e-01 
 6.918310e+08 -4.222998e+01  6.918310e+08 -1.153487e-01 
 7.079458e+08 -4.230301e+01  7.079458e+08 -1.142758e-01 
 7.244360e+08 -4.237205e+01  7.244360e+08 -1.133086e-01 
 7.413102e+08 -4.243733e+01  7.413102e+08 -1.124521e-01 
 7.585776e+08 -4.249906e+01  7.585776e+08 -1.117098e-01 
 7.762471e+08 -4.255745e+01  7.762471e+08 -1.110845e-01 
 7.943282e+08 -4.261271e+01  7.943282e+08 -1.105780e-01 
 8.128305e+08 -4.266502e+01  8.128305e+08 -1.101913e-01 
 8.317638e+08 -4.271455e+01  8.317638e+08 -1.099249e-01 
 8.511380e+08 -4.276148e+01  8.511380e+08 -1.097789e-01 
 8.709636e+08 -4.280595e+01  8.709636e+08 -1.097527e-01 
 8.912509e+08 -4.284812e+01  8.912509e+08 -1.098455e-01 
 9.120108e+08 -4.288813e+01  9.120108e+08 -1.100564e-01 
 9.332543e+08 -4.292611e+01  9.332543e+08 -1.103840e-01 
 9.549926e+08 -4.296218e+01  9.549926e+08 -1.108270e-01 
 9.772372e+08 -4.299646e+01  9.772372e+08 -1.113837e-01 
 1.000000e+09 -4.302906e+01  1.000000e+09 -1.120527e-01 
 1.023293e+09 -4.306008e+01  1.023293e+09 -1.128323e-01 
 1.047129e+09 -4.308962e+01  1.047129e+09 -1.137208e-01 
 1.071519e+09 -4.311777e+01  1.071519e+09 -1.147167e-01 
 1.096478e+09 -4.314462e+01  1.096478e+09 -1.158183e-01 
 1.122018e+09 -4.317026e+01  1.122018e+09 -1.170241e-01 
 1.148154e+09 -4.319474e+01  1.148154e+09 -1.183327e-01 
 1.174898e+09 -4.321816e+01  1.174898e+09 -1.197427e-01 
 1.202264e+09 -4.324058e+01  1.202264e+09 -1.212528e-01 
 1.230269e+09 -4.326206e+01  1.230269e+09 -1.228618e-01 
 1.258925e+09 -4.328266e+01  1.258925e+09 -1.245686e-01 
 1.288250e+09 -4.330245e+01  1.288250e+09 -1.263722e-01 
 1.318257e+09 -4.332148e+01  1.318257e+09 -1.282717e-01 
 1.348963e+09 -4.333979e+01  1.348963e+09 -1.302663e-01 
 1.380384e+09 -4.335745e+01  1.380384e+09 -1.323553e-01 
 1.412538e+09 -4.337450e+01  1.412538e+09 -1.345382e-01 
 1.445440e+09 -4.339098e+01  1.445440e+09 -1.368145e-01 
 1.479108e+09 -4.340694e+01  1.479108e+09 -1.391838e-01 
 1.513561e+09 -4.342242e+01  1.513561e+09 -1.416458e-01 
 1.548817e+09 -4.343746e+01  1.548817e+09 -1.442004e-01 
 1.584893e+09 -4.345209e+01  1.584893e+09 -1.468476e-01 
 1.621810e+09 -4.346636e+01  1.621810e+09 -1.495873e-01 
 1.659587e+09 -4.348030e+01  1.659587e+09 -1.524197e-01 
 1.698244e+09 -4.349394e+01  1.698244e+09 -1.553450e-01 
 1.737801e+09 -4.350731e+01  1.737801e+09 -1.583634e-01 
 1.778279e+09 -4.352045e+01  1.778279e+09 -1.614755e-01 
 1.819701e+09 -4.353340e+01  1.819701e+09 -1.646815e-01 
 1.862087e+09 -4.354617e+01  1.862087e+09 -1.679821e-01 
 1.905461e+09 -4.355880e+01  1.905461e+09 -1.713778e-01 
 1.949845e+09 -4.357132e+01  1.949845e+09 -1.748694e-01 
 1.995262e+09 -4.358376e+01  1.995262e+09 -1.784575e-01 
 2.041738e+09 -4.359614e+01  2.041738e+09 -1.821430e-01 
 2.089296e+09 -4.360849e+01  2.089296e+09 -1.859267e-01 
 2.137962e+09 -4.362084e+01  2.137962e+09 -1.898096e-01 
 2.187762e+09 -4.363321e+01  2.187762e+09 -1.937927e-01 
 2.238721e+09 -4.364564e+01  2.238721e+09 -1.978769e-01 
 2.290868e+09 -4.365814e+01  2.290868e+09 -2.020633e-01 
 2.344229e+09 -4.367075e+01  2.344229e+09 -2.063530e-01 
 2.398833e+09 -4.368349e+01  2.398833e+09 -2.107472e-01 
 2.454709e+09 -4.369639e+01  2.454709e+09 -2.152470e-01 
 2.511886e+09 -4.370946e+01  2.511886e+09 -2.198537e-01 
 2.570396e+09 -4.372275e+01  2.570396e+09 -2.245684e-01 
 2.630268e+09 -4.373627e+01  2.630268e+09 -2.293925e-01 
 2.691535e+09 -4.375006e+01  2.691535e+09 -2.343273e-01 
 2.754229e+09 -4.376413e+01  2.754229e+09 -2.393739e-01 
 2.818383e+09 -4.377852e+01  2.818383e+09 -2.445338e-01 
 2.884032e+09 -4.379326e+01  2.884032e+09 -2.498082e-01 
 2.951209e+09 -4.380836e+01  2.951209e+09 -2.551985e-01 
 3.019952e+09 -4.382387e+01  3.019952e+09 -2.607059e-01 
 3.090295e+09 -4.383980e+01  3.090295e+09 -2.663317e-01 
 3.162278e+09 -4.385619e+01  3.162278e+09 -2.720773e-01 
 3.235937e+09 -4.387307e+01  3.235937e+09 -2.779439e-01 
 3.311311e+09 -4.389046e+01  3.311311e+09 -2.839328e-01 
 3.388442e+09 -4.390840e+01  3.388442e+09 -2.900452e-01 
 3.467369e+09 -4.392691e+01  3.467369e+09 -2.962823e-01 
 3.548134e+09 -4.394604e+01  3.548134e+09 -3.026452e-01 
 3.630781e+09 -4.396581e+01  3.630781e+09 -3.091351e-01 
 3.715352e+09 -4.398625e+01  3.715352e+09 -3.157529e-01 
 3.801894e+09 -4.400740e+01  3.801894e+09 -3.224998e-01 
 3.890451e+09 -4.402929e+01  3.890451e+09 -3.293766e-01 
 3.981072e+09 -4.405195e+01  3.981072e+09 -3.363842e-01 
 4.073803e+09 -4.407543e+01  4.073803e+09 -3.435234e-01 
 4.168694e+09 -4.409976e+01  4.168694e+09 -3.507950e-01 
 4.265795e+09 -4.412497e+01  4.265795e+09 -3.581995e-01 
 4.365158e+09 -4.415110e+01  4.365158e+09 -3.657375e-01 
 4.466836e+09 -4.417818e+01  4.466836e+09 -3.734093e-01 
 4.570882e+09 -4.420627e+01  4.570882e+09 -3.812154e-01 
 4.677351e+09 -4.423539e+01  4.677351e+09 -3.891559e-01 
 4.786301e+09 -4.426558e+01  4.786301e+09 -3.972309e-01 
 4.897788e+09 -4.429689e+01  4.897788e+09 -4.054402e-01 
 5.011872e+09 -4.432936e+01  5.011872e+09 -4.137838e-01 
 5.128614e+09 -4.436302e+01  5.128614e+09 -4.222613e-01 
 5.248075e+09 -4.439792e+01  5.248075e+09 -4.308721e-01 
 5.370318e+09 -4.443410e+01  5.370318e+09 -4.396156e-01 
 5.495409e+09 -4.447160e+01  5.495409e+09 -4.484910e-01 
 5.623413e+09 -4.451046e+01  5.623413e+09 -4.574973e-01 
 5.754399e+09 -4.455073e+01  5.754399e+09 -4.666333e-01 
 5.888437e+09 -4.459244e+01  5.888437e+09 -4.758976e-01 
 6.025596e+09 -4.463565e+01  6.025596e+09 -4.852887e-01 
 6.165950e+09 -4.468039e+01  6.165950e+09 -4.948048e-01 
 6.309573e+09 -4.472670e+01  6.309573e+09 -5.044440e-01 
 6.456542e+09 -4.477463e+01  6.456542e+09 -5.142041e-01 
 6.606934e+09 -4.482422e+01  6.606934e+09 -5.240827e-01 
 6.760830e+09 -4.487551e+01  6.760830e+09 -5.340774e-01 
 6.918310e+09 -4.492854e+01  6.918310e+09 -5.441852e-01 
 7.079458e+09 -4.498335e+01  7.079458e+09 -5.544033e-01 
 7.244360e+09 -4.503998e+01  7.244360e+09 -5.647284e-01 
 7.413102e+09 -4.509846e+01  7.413102e+09 -5.751570e-01 
 7.585776e+09 -4.515885e+01  7.585776e+09 -5.856857e-01 
 7.762471e+09 -4.522117e+01  7.762471e+09 -5.963104e-01 
 7.943282e+09 -4.528546e+01  7.943282e+09 -6.070272e-01 
 8.128305e+09 -4.535175e+01  8.128305e+09 -6.178318e-01 
 8.317638e+09 -4.542007e+01  8.317638e+09 -6.287198e-01 
 8.511380e+09 -4.549047e+01  8.511380e+09 -6.396866e-01 
 8.709636e+09 -4.556296e+01  8.709636e+09 -6.507272e-01 
 8.912509e+09 -4.563757e+01  8.912509e+09 -6.618369e-01 
 9.120108e+09 -4.571433e+01  9.120108e+09 -6.730104e-01 
 9.332543e+09 -4.579327e+01  9.332543e+09 -6.842423e-01 
 9.549926e+09 -4.587441e+01  9.549926e+09 -6.955273e-01 
 9.772372e+09 -4.595776e+01  9.772372e+09 -7.068598e-01 
 1.000000e+10 -4.604335e+01  1.000000e+10 -7.182340e-01 
 1.023293e+10 -4.613119e+01  1.023293e+10 -7.296443e-01 
 1.047129e+10 -4.622129e+01  1.047129e+10 -7.410846e-01 
 1.071519e+10 -4.631366e+01  1.071519e+10 -7.525490e-01 
 1.096478e+10 -4.640832e+01  1.096478e+10 -7.640315e-01 
 1.122018e+10 -4.650528e+01  1.122018e+10 -7.755260e-01 
 1.148154e+10 -4.660452e+01  1.148154e+10 -7.870264e-01 
 1.174898e+10 -4.670606e+01  1.174898e+10 -7.985266e-01 
 1.202264e+10 -4.680989e+01  1.202264e+10 -8.100204e-01 
 1.230269e+10 -4.691602e+01  1.230269e+10 -8.215018e-01 
 1.258925e+10 -4.702443e+01  1.258925e+10 -8.329647e-01 
 1.288250e+10 -4.713511e+01  1.288250e+10 -8.444031e-01 
 1.318257e+10 -4.724806e+01  1.318257e+10 -8.558110e-01 
 1.348963e+10 -4.736326e+01  1.348963e+10 -8.671826e-01 
 1.380384e+10 -4.748070e+01  1.380384e+10 -8.785120e-01 
 1.412538e+10 -4.760036e+01  1.412538e+10 -8.897937e-01 
 1.445440e+10 -4.772222e+01  1.445440e+10 -9.010221e-01 
 1.479108e+10 -4.784625e+01  1.479108e+10 -9.121918e-01 
 1.513561e+10 -4.797244e+01  1.513561e+10 -9.232976e-01 
 1.548817e+10 -4.810076e+01  1.548817e+10 -9.343342e-01 
 1.584893e+10 -4.823118e+01  1.584893e+10 -9.452969e-01 
 1.621810e+10 -4.836367e+01  1.621810e+10 -9.561808e-01 
 1.659587e+10 -4.849820e+01  1.659587e+10 -9.669814e-01 
 1.698244e+10 -4.863475e+01  1.698244e+10 -9.776943e-01 
 1.737801e+10 -4.877326e+01  1.737801e+10 -9.883153e-01 
 1.778279e+10 -4.891372e+01  1.778279e+10 -9.988404e-01 
 1.819701e+10 -4.905609e+01  1.819701e+10 -1.009266e+00 
 1.862087e+10 -4.920033e+01  1.862087e+10 -1.019588e+00 
 1.905461e+10 -4.934639e+01  1.905461e+10 -1.029804e+00 
 1.949845e+10 -4.949425e+01  1.949845e+10 -1.039910e+00 
 1.995262e+10 -4.964387e+01  1.995262e+10 -1.049904e+00 
 2.041738e+10 -4.979520e+01  2.041738e+10 -1.059782e+00 
 2.089296e+10 -4.994820e+01  2.089296e+10 -1.069543e+00 
 2.137962e+10 -5.010284e+01  2.137962e+10 -1.079183e+00 
 2.187762e+10 -5.025907e+01  2.187762e+10 -1.088702e+00 
 2.238721e+10 -5.041686e+01  2.238721e+10 -1.098096e+00 
 2.290868e+10 -5.057615e+01  2.290868e+10 -1.107365e+00 
 2.344229e+10 -5.073692e+01  2.344229e+10 -1.116507e+00 
 2.398833e+10 -5.089913e+01  2.398833e+10 -1.125520e+00 
 2.454709e+10 -5.106272e+01  2.454709e+10 -1.134404e+00 
 2.511886e+10 -5.122766e+01  2.511886e+10 -1.143157e+00 
 2.570396e+10 -5.139392e+01  2.570396e+10 -1.151779e+00 
 2.630268e+10 -5.156144e+01  2.630268e+10 -1.160270e+00 
 2.691535e+10 -5.173020e+01  2.691535e+10 -1.168628e+00 
 2.754229e+10 -5.190016e+01  2.754229e+10 -1.176855e+00 
 2.818383e+10 -5.207127e+01  2.818383e+10 -1.184948e+00 
 2.884032e+10 -5.224350e+01  2.884032e+10 -1.192910e+00 
 2.951209e+10 -5.241681e+01  2.951209e+10 -1.200739e+00 
 3.019952e+10 -5.259117e+01  3.019952e+10 -1.208436e+00 
 3.090295e+10 -5.276654e+01  3.090295e+10 -1.216002e+00 
 3.162278e+10 -5.294289e+01  3.162278e+10 -1.223436e+00 
 3.235937e+10 -5.312018e+01  3.235937e+10 -1.230741e+00 
 3.311311e+10 -5.329838e+01  3.311311e+10 -1.237916e+00 
 3.388442e+10 -5.347746e+01  3.388442e+10 -1.244962e+00 
 3.467369e+10 -5.365739e+01  3.467369e+10 -1.251880e+00 
 3.548134e+10 -5.383813e+01  3.548134e+10 -1.258672e+00 
 3.630781e+10 -5.401966e+01  3.630781e+10 -1.265338e+00 
 3.715352e+10 -5.420195e+01  3.715352e+10 -1.271879e+00 
 3.801894e+10 -5.438497e+01  3.801894e+10 -1.278297e+00 
 3.890451e+10 -5.456868e+01  3.890451e+10 -1.284594e+00 
 3.981072e+10 -5.475308e+01  3.981072e+10 -1.290769e+00 
 4.073803e+10 -5.493812e+01  4.073803e+10 -1.296825e+00 
 4.168694e+10 -5.512379e+01  4.168694e+10 -1.302764e+00 
 4.265795e+10 -5.531006e+01  4.265795e+10 -1.308586e+00 
 4.365158e+10 -5.549691e+01  4.365158e+10 -1.314293e+00 
 4.466836e+10 -5.568431e+01  4.466836e+10 -1.319887e+00 
 4.570882e+10 -5.587224e+01  4.570882e+10 -1.325369e+00 
 4.677351e+10 -5.606069e+01  4.677351e+10 -1.330741e+00 
 4.786301e+10 -5.624963e+01  4.786301e+10 -1.336004e+00 
 4.897788e+10 -5.643904e+01  4.897788e+10 -1.341160e+00 
 5.011872e+10 -5.662890e+01  5.011872e+10 -1.346211e+00 
 5.128614e+10 -5.681919e+01  5.128614e+10 -1.351159e+00 
 5.248075e+10 -5.700991e+01  5.248075e+10 -1.356004e+00 
 5.370318e+10 -5.720102e+01  5.370318e+10 -1.360749e+00 
 5.495409e+10 -5.739251e+01  5.495409e+10 -1.365395e+00 
 5.623413e+10 -5.758437e+01  5.623413e+10 -1.369945e+00 
 5.754399e+10 -5.777659e+01  5.754399e+10 -1.374398e+00 
 5.888437e+10 -5.796914e+01  5.888437e+10 -1.378759e+00 
 6.025596e+10 -5.816201e+01  6.025596e+10 -1.383027e+00 
 6.165950e+10 -5.835519e+01  6.165950e+10 -1.387204e+00 
 6.309573e+10 -5.854868e+01  6.309573e+10 -1.391293e+00 
 6.456542e+10 -5.874244e+01  6.456542e+10 -1.395294e+00 
 6.606934e+10 -5.893648e+01  6.606934e+10 -1.399210e+00 
 6.760830e+10 -5.913078e+01  6.760830e+10 -1.403042e+00 
 6.918310e+10 -5.932532e+01  6.918310e+10 -1.406792e+00 
 7.079458e+10 -5.952011e+01  7.079458e+10 -1.410461e+00 
 7.244360e+10 -5.971512e+01  7.244360e+10 -1.414050e+00 
 7.413102e+10 -5.991036e+01  7.413102e+10 -1.417562e+00 
 7.585776e+10 -6.010580e+01  7.585776e+10 -1.420997e+00 
 7.762471e+10 -6.030145e+01  7.762471e+10 -1.424358e+00 
 7.943282e+10 -6.049728e+01  7.943282e+10 -1.427645e+00 
 8.128305e+10 -6.069330e+01  8.128305e+10 -1.430861e+00 
 8.317638e+10 -6.088950e+01  8.317638e+10 -1.434006e+00 
 8.511380e+10 -6.108586e+01  8.511380e+10 -1.437083e+00 
 8.709636e+10 -6.128239e+01  8.709636e+10 -1.440091e+00 
 8.912509e+10 -6.147907e+01  8.912509e+10 -1.443034e+00 
 9.120108e+10 -6.167589e+01  9.120108e+10 -1.445912e+00 
 9.332543e+10 -6.187286e+01  9.332543e+10 -1.448726e+00 
 9.549926e+10 -6.206996e+01  9.549926e+10 -1.451478e+00 
 9.772372e+10 -6.226719e+01  9.772372e+10 -1.454169e+00 
 1.000000e+11 -6.246454e+01  1.000000e+11 -1.456800e+00 
