1.000000	-27.645599	1.000000	-1.574946
1.100000	-26.817761	1.100000	-1.575361
1.210000	-25.989926	1.210000	-1.575817
1.331000	-25.162095	1.331000	-1.576319
1.464100	-24.334269	1.464100	-1.576872
1.610510	-23.506449	1.610510	-1.577479
1.771561	-22.678636	1.771561	-1.578147
1.948717	-21.850831	1.948717	-1.578882
2.143589	-21.023037	2.143589	-1.579691
2.357948	-20.195255	2.357948	-1.580580
2.593742	-19.367489	2.593742	-1.581559
2.853117	-18.539741	2.853117	-1.582635
3.138428	-17.712014	3.138428	-1.583819
3.452271	-16.884315	3.452271	-1.585121
3.797498	-16.056648	3.797498	-1.586553
4.177248	-15.229020	4.177248	-1.588128
4.594973	-14.401440	4.594973	-1.589861
5.054470	-13.573917	5.054470	-1.591767
5.559917	-12.746464	5.559917	-1.593864
6.115909	-11.919094	6.115909	-1.596169
6.727500	-11.091826	6.727500	-1.598705
7.400250	-10.264681	7.400250	-1.601495
8.140275	-9.437685	8.140275	-1.604562
8.954302	-8.610868	8.954302	-1.607936
9.849733	-7.784269	9.849733	-1.611646
10.834706	-6.957933	10.834706	-1.615726
11.918177	-6.131915	11.918177	-1.620212
13.109994	-5.306281	13.109994	-1.625144
14.420994	-4.481112	14.420994	-1.630566
15.863093	-3.656505	15.863093	-1.636527
17.449402	-2.832576	17.449402	-1.643078
19.194342	-2.009467	19.194342	-1.650277
21.113777	-1.187347	21.113777	-1.658187
23.225154	-0.366421	23.225154	-1.666875
25.547670	0.453065	25.547670	-1.676415
28.102437	1.270815	28.102437	-1.686887
30.912681	2.086475	30.912681	-1.698376
34.003949	2.899620	34.003949	-1.710976
37.404343	3.709742	37.404343	-1.724784
41.144778	4.516237	41.144778	-1.739904
45.259256	5.318387	45.259256	-1.756447
49.785181	6.115340	49.785181	-1.774527
54.763699	6.906096	54.763699	-1.794259
60.240069	7.689482	60.240069	-1.815763
66.264076	8.464130	66.264076	-1.839152
72.890484	9.228465	72.890484	-1.864539
80.179532	9.980683	80.179532	-1.892021
88.197485	10.718744	88.197485	-1.921682
97.017234	11.440374	97.017234	-1.953583
106.718957	12.143077	106.718957	-1.987753
117.390853	12.824168	117.390853	-2.024185
129.129938	13.480824	129.129938	-2.062822
142.042932	14.110165	142.042932	-2.103555
156.247225	14.709353	156.247225	-2.146215
171.871948	15.275711	171.871948	-2.190571
189.059142	15.806863	189.059142	-2.236331
207.965057	16.300864	207.965057	-2.283149
228.761562	16.756323	228.761562	-2.330635
251.637719	17.172502	251.637719	-2.378369
276.801490	17.549358	276.801490	-2.425922
304.481640	17.887554	304.481640	-2.472874
334.929803	18.188410	334.929803	-2.518829
368.422784	18.453812	368.422784	-2.563437
405.265062	18.686096	405.265062	-2.606400
445.791568	18.887909	445.791568	-2.647481
490.370725	19.062078	490.370725	-2.686504
539.407798	19.211484	539.407798	-2.723354
593.348578	19.338961	593.348578	-2.757973
652.683435	19.447211	652.683435	-2.790348
717.951779	19.538754	717.951779	-2.820507
789.746957	19.615892	789.746957	-2.848510
868.721652	19.680689	868.721652	-2.874440
955.593818	19.734977	955.593818	-2.898398
1051.153200	19.780356	1051.153200	-2.920496
1156.268519	19.818215	1156.268519	-2.940853
1271.895371	19.849749	1271.895371	-2.959590
1399.084909	19.875975	1399.084909	-2.976829
1538.993399	19.897761	1538.993399	-2.992688
1692.892739	19.915836	1692.892739	-3.007284
1862.182013	19.930817	1862.182013	-3.020727
2048.400215	19.943220	2048.400215	-3.033123
2253.240236	19.953477	2253.240236	-3.044571
2478.564260	19.961946	2478.564260	-3.055167
2726.420686	19.968927	2726.420686	-3.064999
2999.062754	19.974667	2999.062754	-3.074151
3298.969030	19.979372	3298.969030	-3.082703
3628.865933	19.983209	3628.865933	-3.090729
3991.752526	19.986317	3991.752526	-3.098299
4390.927778	19.988807	4390.927778	-3.105481
4830.020556	19.990768	4830.020556	-3.112339
5313.022612	19.992273	5313.022612	-3.118933
5844.324873	19.993374	5844.324873	-3.125324
6428.757360	19.994112	6428.757360	-3.131568
7071.633096	19.994514	7071.633096	-3.137721
7778.796406	19.994594	7778.796406	3.139345
8556.676047	19.994355	8556.676047	3.133206
9412.343651	19.993788	9412.343651	3.126991
10353.578016	19.992873	10353.578016	3.120644
11388.935818	19.991577	11388.935818	3.114109
12527.829400	19.989852	12527.829400	3.107326
13780.612340	19.987637	13780.612340	3.100236
15158.673574	19.984852	15158.673574	3.092773
16674.540931	19.981397	16674.540931	3.084873
18341.995024	19.977146	18341.995024	3.076465
20176.194527	19.971948	20176.194527	3.067476
22193.813979	19.965618	22193.813979	3.057828
24413.195377	19.957929	24413.195377	3.047437
26854.514915	19.948610	26854.514915	3.036216
29539.966407	19.937333	29539.966407	3.024071
32493.963047	19.923704	32493.963047	3.010902
35743.359352	19.907251	35743.359352	2.996604
39317.695287	19.887411	39317.695287	2.981066
43249.464816	19.863511	43249.464816	2.964171
47574.411297	19.834757	47574.411297	2.945800
52331.852427	19.800208	52331.852427	2.925828
57565.037670	19.758760	57565.037670	2.904129
63321.541437	19.709126	63321.541437	2.880578
69653.695581	19.649811	69653.695581	2.855054
76619.065139	19.579102	76619.065139	2.827445
84280.971653	19.495050	84280.971653	2.797651
92709.068818	19.395471	92709.068818	2.765594
101979.975700	19.277949	101979.975700	2.731221
112177.973270	19.139867	112177.973270	2.694514
123395.770597	18.978444	123395.770597	2.655500
135735.347656	18.790809	135735.347656	2.614255
149308.882422	18.574089	149308.882422	2.570912
164239.770664	18.325522	164239.770664	2.525666
180663.747730	18.042593	180663.747730	2.478770
198730.122503	17.723164	198730.122503	2.430537
218603.134754	17.365605	218603.134754	2.381325
240463.448229	16.968903	240463.448229	2.331525
264509.793052	16.532725	264509.793052	2.281547
290960.772357	16.057445	290960.772357	2.231796
320056.849593	15.544113	320056.849593	2.182657
352062.534552	14.994381	352062.534552	2.134473
387268.788008	14.410394	387268.788008	2.087538
425995.666808	13.794656	425995.666808	2.042083
468595.233489	13.149893	468595.233489	1.998276
515454.756838	12.478925	515454.756838	1.956217
567000.232522	11.784547	567000.232522	1.915950
623700.255774	11.069440	623700.255774	1.877461
686070.281351	10.336104	686070.281351	1.840691
754677.309487	9.586810	754677.309487	1.805541
830145.040435	8.823576	830145.040435	1.771880
913159.544479	8.048152	913159.544479	1.739554
1004475.498927	7.262022	1004475.498927	1.708389
1104923.048819	6.466409	1104923.048819	1.678199
1215415.353701	5.662284	1215415.353701	1.648785
1336956.889071	4.850375	1336956.889071	1.619946
1470652.577978	4.031181	1470652.577978	1.591471
1617717.835776	3.204973	1617717.835776	1.563152
1779489.619354	2.371804	1779489.619354	1.534775
1957438.581289	1.531506	1957438.581289	1.506130
2153182.439418	0.683692	2153182.439418	1.477008
2368500.683360	-0.172257	2368500.683360	1.447202
2605350.751696	-1.037192	2605350.751696	1.416512
2865885.826866	-1.912214	2865885.826866	1.384746
3152474.409552	-2.798677	3152474.409552	1.351725
3467721.850507	-3.698201	3467721.850507	1.317284
3814494.035558	-4.612669	3814494.035558	1.281282
4195943.439114	-5.544224	4195943.439114	1.243605
4615537.783025	-6.495248	4615537.783025	1.204176
5077091.561328	-7.468322	5077091.561328	1.162958
5584800.717461	-8.466174	5584800.717461	1.119970
6143280.789207	-9.491588	6143280.789207	1.075286
6757608.868127	-10.547307	6757608.868127	1.029044
7433369.754940	-11.635901	7433369.754940	0.981446
8176706.730434	-12.759633	8176706.730434	0.932761
8994377.403477	-13.920318	8994377.403477	0.883310
9893815.143825	-15.119201	9893815.143825	0.833463
10883196.658208	-16.356857	10883196.658208	0.783618
11971516.324028	-17.633143	11971516.324028	0.734187
13168667.956431	-18.947190	13168667.956431	0.685572
14485534.752074	-20.297443	14485534.752074	0.638149
15934088.227282	-21.681751	15934088.227282	0.592253
17527497.050010	-23.097477	17527497.050010	0.548167
19280246.755011	-24.541619	19280246.755011	0.506113
21208271.430512	-26.010942	21208271.430512	0.466254
23329098.573563	-27.502080	23329098.573563	0.428691
25662008.430920	-29.011622	25662008.430920	0.393476
28228209.274011	-30.536180	28228209.274011	0.360610
31051030.201413	-32.072411	31051030.201413	0.330058
34156133.221554	-33.617033	34156133.221554	0.301755
37571746.543709	-35.166809	37571746.543709	0.275612
41328921.198080	-36.718515	41328921.198080	0.251525
45461813.317888	-38.268895	45461813.317888	0.229379
50007994.649677	-39.814607	50007994.649677	0.209055
55008794.114645	-41.352168	55008794.114645	0.190430
60509673.526109	-42.877886	60509673.526109	0.173385
66560640.878720	-44.387804	66560640.878720	0.157801
73216704.966592	-45.877648	73216704.966592	0.143565
80538375.463251	-47.342790	80538375.463251	0.130571
88592213.009577	-48.778227	88592213.009577	0.118717
97451434.310534	-50.178592	97451434.310534	0.107910
107196577.741588	-51.538200	107196577.741588	0.098061
117916235.515746	-52.851135	117916235.515746	0.089090
129707859.067321	-54.111393	129707859.067321	0.080921
142678644.974053	-55.313065	142678644.974053	0.073487
156946509.471458	-56.450571	156946509.471458	0.066723
172641160.418604	-57.518921	172641160.418604	0.060572
189905276.460465	-58.513981	189905276.460465	0.054981
208895804.106511	-59.432719	208895804.106511	0.049902
229785384.517162	-60.273398	229785384.517162	0.045289
252763922.968879	-61.035685	252763922.968879	0.041102
278040315.265767	-61.720671	278040315.265767	0.037303
305844346.792343	-62.330788	305844346.792343	0.033857
336428781.471578	-62.869637	336428781.471578	0.030732
370071659.618735	-63.341756	370071659.618735	0.027898
407078825.580609	-63.752350	407078825.580609	0.025328
447786708.138670	-64.107019	447786708.138670	0.022998
492565378.952537	-64.411507	492565378.952537	0.020885
541821916.847791	-64.671486	541821916.847791	0.018968
596004108.532570	-64.892393	596004108.532570	0.017229
655604519.385827	-65.079311	655604519.385827	0.015652
721164971.324410	-65.236890	721164971.324410	0.014220
793281468.456851	-65.369319	793281468.456851	0.012920
872609615.302536	-65.480313	872609615.302536	0.011740
959870576.832790	-65.573129	959870576.832790	0.010669
