100.000000	2.495267	-1.579845	35.986811	3.141591
110.000000	3.321825	-1.579035	35.986811	3.141591
121.000000	4.148605	-1.578296	35.986811	3.141591
133.100000	4.975570	-1.577622	35.986811	3.141591
146.410000	5.802687	-1.577007	35.986811	3.141591
161.051000	6.629931	-1.576446	35.986811	3.141590
177.156100	7.457281	-1.575936	35.986811	3.141590
194.871710	8.284717	-1.575471	35.986811	3.141590
214.358881	9.112225	-1.575048	35.986811	3.141590
235.794769	9.939794	-1.574663	35.986811	3.141589
259.374246	10.767411	-1.574312	35.986811	3.141589
285.311671	11.595070	-1.573993	35.986811	3.141589
313.842838	12.422762	-1.573703	35.986811	3.141588
345.227121	13.250482	-1.573439	35.986811	3.141588
379.749834	14.078225	-1.573199	35.986811	3.141587
417.724817	14.905988	-1.572981	35.986811	3.141587
459.497299	15.733766	-1.572783	35.986811	3.141586
505.447028	16.561558	-1.572602	35.986811	3.141586
555.991731	17.389360	-1.572438	35.986811	3.141585
611.590904	18.217171	-1.572289	35.986811	3.141584
672.749995	19.044989	-1.572153	35.986811	3.141583
740.024994	19.872814	-1.572030	35.986811	3.141582
814.027494	20.700644	-1.571918	35.986811	3.141581
895.430243	21.528478	-1.571816	35.986811	3.141580
984.973268	22.356315	-1.571723	35.986811	3.141579
1083.470594	23.184155	-1.571639	35.986811	3.141578
1191.817654	24.011997	-1.571562	35.986811	3.141576
1310.999419	24.839842	-1.571493	35.986811	3.141575
1442.099361	25.667688	-1.571430	35.986811	3.141573
1586.309297	26.495535	-1.571372	35.986811	3.141571
1744.940227	27.323384	-1.571320	35.986811	3.141569
1919.434250	28.151233	-1.571272	35.986811	3.141566
2111.377675	28.979083	-1.571229	35.986811	3.141563
2322.515442	29.806934	-1.571189	35.986811	3.141561
2554.766986	30.634785	-1.571154	35.986811	3.141557
2810.243685	31.462637	-1.571121	35.986811	3.141554
3091.268053	32.290489	-1.571092	35.986811	3.141550
3400.394859	33.118341	-1.571065	35.986811	3.141546
3740.434344	33.946194	-1.571040	35.986811	3.141541
4114.477779	34.774047	-1.571018	35.986811	3.141536
4525.925557	35.601900	-1.570998	35.986811	3.141530
4978.518112	36.429753	-1.570980	35.986811	3.141524
5476.369924	37.257606	-1.570963	35.986811	3.141517
6024.006916	38.085459	-1.570948	35.986811	3.141509
6626.407608	38.913312	-1.570934	35.986811	3.141501
7289.048369	39.741166	-1.570922	35.986811	3.141492
8017.953205	40.569019	-1.570910	35.986811	3.141482
8819.748526	41.396873	-1.570900	35.986811	3.141471
9701.723378	42.224726	-1.570890	35.986811	3.141459
10671.895716	43.052580	-1.570882	35.986811	3.141445
11739.085288	43.880433	-1.570874	35.986811	3.141430
12912.993817	44.708287	-1.570867	35.986811	3.141414
14204.293198	45.536141	-1.570861	35.986811	3.141396
15624.722518	46.363994	-1.570855	35.986811	3.141377
17187.194770	47.191848	-1.570849	35.986811	3.141355
18905.914247	48.019702	-1.570845	35.986811	3.141331
20796.505672	48.847555	-1.570840	35.986811	3.141305
22876.156239	49.675409	-1.570836	35.986811	3.141276
25163.771863	50.503263	-1.570833	35.986810	3.141245
27680.149049	51.331116	-1.570829	35.986810	3.141210
30448.163954	52.158970	-1.570826	35.986810	3.141172
33492.980350	52.986824	-1.570824	35.986810	3.141130
36842.278385	53.814677	-1.570821	35.986810	3.141083
40526.506223	54.642531	-1.570819	35.986810	3.141032
44579.156845	55.470385	-1.570817	35.986809	3.140976
49037.072530	56.298238	-1.570815	35.986809	3.140915
53940.779783	57.126092	-1.570813	35.986809	3.140847
59334.857761	57.953946	-1.570812	35.986808	3.140772
65268.343537	58.781800	-1.570810	35.986808	3.140690
71795.177891	59.609653	-1.570809	35.986807	3.140600
78974.695680	60.437507	-1.570808	35.986806	3.140501
86872.165248	61.265361	-1.570807	35.986805	3.140392
95559.381773	62.093214	-1.570806	35.986804	3.140272
105115.319950	62.921068	-1.570805	35.986802	3.140140
115626.851945	63.748922	-1.570804	35.986801	3.139994
127189.537140	64.576775	-1.570804	35.986798	3.139835
139908.490853	65.404629	-1.570803	35.986796	3.139659
153899.339939	66.232483	-1.570802	35.986793	3.139465
169289.273933	67.060337	-1.570802	35.986789	3.139253
186218.201326	67.888190	-1.570801	35.986784	3.139019
204840.021459	68.716044	-1.570801	35.986779	3.138761
225324.023604	69.543898	-1.570800	35.986772	3.138478
247856.425965	70.371751	-1.570800	35.986763	3.138167
272642.068561	71.199605	-1.570800	35.986754	3.137824
299906.275417	72.027459	-1.570799	35.986741	3.137447
329896.902959	72.855313	-1.570799	35.986727	3.137033
362886.593255	73.683166	-1.570799	35.986709	3.136577
399175.252581	74.511020	-1.570799	35.986688	3.136075
439092.777839	75.338874	-1.570798	35.986662	3.135523
483002.055623	76.166727	-1.570798	35.986631	3.134916
531302.261185	76.994581	-1.570798	35.986593	3.134249
584432.487303	77.822435	-1.570798	35.986547	3.133514
642875.736034	78.650288	-1.570798	35.986491	3.132706
707163.309637	79.478142	-1.570798	35.986424	3.131818
777879.640601	80.305996	-1.570798	35.986343	3.130840
855667.604661	81.133850	-1.570797	35.986245	3.129765
941234.365127	81.961703	-1.570797	35.986126	3.128583
1035357.801640	82.789557	-1.570797	35.985982	3.127282
1138893.581804	83.617411	-1.570797	35.985808	3.125851
1252782.939984	84.445264	-1.570797	35.985598	3.124277
1378061.233982	85.273118	-1.570797	35.985343	3.122546
1515867.357380	86.100972	-1.570797	35.985035	3.120642
1667454.093119	86.928825	-1.570797	35.984662	3.118547
1834199.502430	87.756679	-1.570797	35.984210	3.116243
2017619.452673	88.584533	-1.570797	35.983664	3.113710
2219381.397941	89.412387	-1.570797	35.983004	3.110923
2441319.537735	90.240240	-1.570797	35.982205	3.107858
2685451.491508	91.068094	-1.570797	35.981238	3.104487
2953996.640659	91.895948	-1.570797	35.980069	3.100780
3249396.304725	92.723801	-1.570797	35.978654	3.096703
3574335.935198	93.551655	-1.570797	35.976943	3.092221
3931769.528717	94.379509	-1.570797	35.974874	3.087292
4324946.481589	95.207363	-1.570797	35.972371	3.081873
4757441.129748	96.035216	-1.570797	35.969345	3.075916
5233185.242723	96.863070	-1.570797	35.965686	3.069368
5756503.766995	97.690924	-1.570796	35.961263	3.062171
6332154.143694	98.518777	-1.570796	35.955917	3.054264
6965369.558064	99.346631	-1.570796	35.949457	3.045577
7661906.513870	100.174485	-1.570796	35.941653	3.036037
8428097.165257	101.002338	-1.570796	35.932230	3.025562
9270906.881783	101.830192	-1.570796	35.920855	3.014067
10197997.569961	102.658046	-1.570796	35.907130	3.001458
11217797.326958	103.485900	-1.570796	35.890582	2.987634
12339577.059653	104.313753	-1.570796	35.870642	2.972489
13573534.765619	105.141607	-1.570796	35.846638	2.955911
14930888.242181	105.969461	-1.570796	35.817768	2.937782
16423977.066399	106.797314	-1.570796	35.783092	2.917980
18066374.773038	107.625168	-1.570796	35.741501	2.896381
19873012.250342	108.453022	-1.570796	35.691704	2.872862
21860313.475376	109.280875	-1.570796	35.632204	2.847303
24046344.822914	110.108729	-1.570796	35.561285	2.819592
26450979.305206	110.936583	-1.570796	35.476996	2.789629
29096077.235726	111.764437	-1.570796	35.377151	2.757335
32005684.959299	112.592290	-1.570796	35.259335	2.722657
35206253.455229	113.420144	-1.570796	35.120933	2.685577
38726878.800751	114.247998	-1.570796	34.959171	2.646118
42599566.680827	115.075851	-1.570796	34.771185	2.604354
46859523.348909	115.903705	-1.570796	34.554117	2.560417
51545475.683800	116.731559	-1.570796	34.305227	2.514498
56700023.252180	117.559412	-1.570796	34.022025	2.466846
62370025.577398	118.387266	-1.570796	33.702408	2.417769
68607028.135138	119.215120	-1.570796	33.344790	2.367617
75467730.948652	120.042974	-1.570796	32.948206	2.316777
83014504.043517	120.870827	-1.570796	32.512384	2.265648
91315954.447869	121.698681	-1.570796	32.037764	2.214625
100447549.892656	122.526535	-1.570796	31.525473	2.164080
110492304.881921	123.354388	-1.570796	30.977248	2.114345
121541535.370113	124.182242	-1.570796	30.395332	2.065697
133695688.907125	125.010096	-1.570796	29.782341	2.018351
147065257.797837	125.837950	-1.570796	29.141133	1.972458
161771783.577621	126.665803	-1.570796	28.474679	1.928101
177948961.935383	127.493657	-1.570796	27.785955	1.885302
195743858.128921	128.321511	-1.570796	27.077861	1.844026
215318243.941814	129.149364	-1.570796	26.353154	1.804194
236850068.335995	129.977218	-1.570796	25.614416	1.765684
260535075.169594	130.805072	-1.570796	24.864038	1.728343
286588582.686554	131.632925	-1.570796	24.104216	1.691995
315247440.955209	132.460779	-1.570796	23.336965	1.656445
346772185.050730	133.288633	-1.570796	22.564141	1.621485
381449403.555803	134.116487	-1.570796	21.787462	1.586902
419594343.911384	134.944340	-1.570796	21.008540	1.552480
461553778.302522	135.772194	-1.570796	20.228904	1.518003
507709156.132775	136.600048	-1.570796	19.450024	1.483264
558480071.746052	137.427901	-1.570796	18.673336	1.448064
614328078.920657	138.255755	-1.570796	17.900250	1.412221
675760886.812723	139.083609	-1.570796	17.132162	1.375571
743336975.493995	139.911462	-1.570796	16.370442	1.337976
817670673.043395	140.739316	-1.570796	15.616421	1.299330
899437740.347735	141.567170	-1.570796	14.871363	1.259562
989381514.382508	142.395024	-1.570796	14.136415	1.218642
1088319665.820759	143.222877	-1.570796	13.412559	1.176586
1197151632.402835	144.050731	-1.570796	12.700546	1.133455
1316866795.643119	144.878585	-1.570796	12.000834	1.089360
1448553475.207431	145.706438	-1.570796	11.313530	1.044452
1593408822.728174	146.534292	-1.570796	10.638350	0.998921
1752749705.000992	147.362146	-1.570796	9.974598	0.952989
1928024675.501091	148.190000	-1.570796	9.321180	0.906896
2120827143.051200	149.017853	-1.570796	8.676639	0.860893
2332909857.356320	149.845707	-1.570796	8.039226	0.815232
2566200843.091953	150.673561	-1.570796	7.406980	0.770153
2822820927.401148	151.501414	-1.570796	6.777832	0.725883
3105103020.141263	152.329268	-1.570796	6.149695	0.682625
3415613322.155390	153.157122	-1.570796	5.520560	0.640560
3757174654.370930	153.984975	-1.570796	4.888563	0.599841
4132892119.808023	154.812829	-1.570796	4.252048	0.560593
4546181331.788826	155.640683	-1.570796	3.609599	0.522918
5000799464.967709	156.468537	-1.570796	2.960060	0.486891
5500879411.464479	157.296390	-1.570796	2.302536	0.452564
6050967352.610928	158.124244	-1.570796	1.636382	0.419970
6656064087.872021	158.952098	-1.570796	0.961182	0.389120
7321670496.659224	159.779951	-1.570796	0.276728	0.360010
8053837546.325147	160.607805	-1.570796	-0.417016	0.332622
8859221300.957663	161.435659	-1.570796	-1.119942	0.306922
9745143431.053431	162.263512	-1.570796	-1.831823	0.282867
