100.000000	25.679178	-2.262468
110.000000	25.679178	-2.262468
121.000000	25.679178	-2.262468
133.100000	25.679178	-2.262468
146.410000	25.679178	-2.262468
161.051000	25.679178	-2.262468
177.156100	25.679178	-2.262468
194.871710	25.679178	-2.262468
214.358881	25.679178	-2.262468
235.794769	25.679178	-2.262468
259.374246	25.679178	-2.262468
285.311671	25.679178	-2.262468
313.842838	25.679178	-2.262468
345.227121	25.679178	-2.262468
379.749834	25.679178	-2.262468
417.724817	25.679178	-2.262468
459.497299	25.679178	-2.262468
505.447028	25.679178	-2.262469
555.991731	25.679178	-2.262469
611.590904	25.679178	-2.262469
672.749995	25.679178	-2.262469
740.024994	25.679178	-2.262469
814.027494	25.679178	-2.262469
895.430243	25.679178	-2.262469
984.973268	25.679178	-2.262470
1083.470594	25.679178	-2.262470
1191.817654	25.679178	-2.262470
1310.999419	25.679178	-2.262470
1442.099361	25.679178	-2.262471
1586.309297	25.679178	-2.262471
1744.940227	25.679178	-2.262471
1919.434250	25.679178	-2.262472
2111.377675	25.679178	-2.262472
2322.515442	25.679178	-2.262473
2554.766986	25.679178	-2.262473
2810.243685	25.679178	-2.262474
3091.268053	25.679178	-2.262474
3400.394859	25.679178	-2.262475
3740.434344	25.679178	-2.262476
4114.477779	25.679178	-2.262477
4525.925557	25.679177	-2.262477
4978.518112	25.679177	-2.262478
5476.369924	25.679177	-2.262480
6024.006916	25.679177	-2.262481
6626.407608	25.679177	-2.262482
7289.048369	25.679177	-2.262484
8017.953205	25.679177	-2.262485
8819.748526	25.679177	-2.262487
9701.723378	25.679176	-2.262489
10671.895716	25.679176	-2.262491
11739.085288	25.679176	-2.262493
12912.993817	25.679176	-2.262496
14204.293198	25.679176	-2.262499
15624.722518	25.679175	-2.262502
17187.194770	25.679175	-2.262505
18905.914247	25.679175	-2.262509
20796.505672	25.679174	-2.262513
22876.156239	25.679174	-2.262518
25163.771863	25.679174	-2.262523
27680.149049	25.679173	-2.262529
30448.163954	25.679173	-2.262535
33492.980350	25.679172	-2.262542
36842.278385	25.679171	-2.262549
40526.506223	25.679171	-2.262557
44579.156845	25.679170	-2.262566
49037.072530	25.679169	-2.262576
53940.779783	25.679168	-2.262587
59334.857761	25.679167	-2.262599
65268.343537	25.679166	-2.262612
71795.177891	25.679165	-2.262626
78974.695680	25.679163	-2.262642
86872.165248	25.679162	-2.262660
95559.381773	25.679160	-2.262679
105115.319950	25.679158	-2.262700
115626.851945	25.679156	-2.262723
127189.537140	25.679154	-2.262749
139908.490853	25.679151	-2.262777
153899.339939	25.679148	-2.262808
169289.273933	25.679145	-2.262842
186218.201326	25.679142	-2.262879
204840.021459	25.679138	-2.262921
225324.023604	25.679134	-2.262966
247856.425965	25.679129	-2.263016
272642.068561	25.679123	-2.263071
299906.275417	25.679117	-2.263131
329896.902959	25.679110	-2.263198
362886.593255	25.679103	-2.263271
399175.252581	25.679094	-2.263351
439092.777839	25.679085	-2.263440
483002.055623	25.679074	-2.263537
531302.261185	25.679062	-2.263644
584432.487303	25.679048	-2.263762
642875.736034	25.679033	-2.263892
707163.309637	25.679015	-2.264034
777879.640601	25.678995	-2.264191
855667.604661	25.678973	-2.264364
941234.365127	25.678947	-2.264554
1035357.801640	25.678917	-2.264764
1138893.581804	25.678883	-2.264994
1252782.939984	25.678844	-2.265247
1378061.233982	25.678799	-2.265526
1515867.357380	25.678748	-2.265833
1667454.093119	25.678688	-2.266172
1834199.502430	25.678618	-2.266544
2017619.452673	25.678538	-2.266954
2219381.397941	25.678444	-2.267405
2441319.537735	25.678334	-2.267902
2685451.491508	25.678206	-2.268449
2953996.640659	25.678056	-2.269052
3249396.304725	25.677880	-2.269716
3574335.935198	25.677672	-2.270447
3931769.528717	25.677427	-2.271254
4324946.481589	25.677138	-2.272142
4757441.129748	25.676796	-2.273121
5233185.242723	25.676390	-2.274201
5756503.766995	25.675909	-2.275392
6332154.143694	25.675336	-2.276705
6965369.558064	25.674654	-2.278154
7661906.513870	25.673840	-2.279754
8428097.165257	25.672868	-2.281519
9270906.881783	25.671705	-2.283468
10197997.569961	25.670312	-2.285622
11217797.326958	25.668643	-2.288001
12339577.059653	25.666639	-2.290632
13573534.765619	25.664231	-2.293541
14930888.242181	25.661334	-2.296760
16423977.066399	25.657846	-2.300322
18066374.773038	25.653642	-2.304268
19873012.250342	25.648572	-2.308639
21860313.475376	25.642449	-2.313485
24046344.822914	25.635052	-2.318859
26450979.305206	25.626105	-2.324823
29096077.235726	25.615278	-2.331444
32005684.959299	25.602164	-2.338798
35206253.455229	25.586271	-2.346970
38726878.800751	25.566998	-2.356054
42599566.680827	25.543613	-2.366155
46859523.348909	25.515227	-2.377387
51545475.683800	25.480757	-2.389879
56700023.252180	25.438892	-2.403766
62370025.577398	25.388044	-2.419198
68607028.135138	25.326301	-2.436330
75467730.948652	25.251366	-2.455324
83014504.043517	25.160500	-2.476344
91315954.447869	25.050465	-2.499546
100447549.892656	24.917466	-2.525070
110492304.881921	24.757121	-2.553031
121541535.370113	24.564447	-2.583495
133695688.907125	24.333901	-2.616468
147065257.797837	24.059470	-2.651872
161771783.577621	23.734845	-2.689527
177948961.935383	23.353668	-2.729139
195743858.128921	22.909856	-2.770290
215318243.941814	22.397969	-2.812446
236850068.335995	21.813579	-2.854979
260535075.169594	21.153577	-2.897203
286588582.686554	20.416379	-2.938419
315247440.955209	19.601962	-2.977966
346772185.050730	18.711770	-3.015272
381449403.555803	17.748467	-3.049883
419594343.911384	16.715628	-3.081494
461553778.302522	15.617402	-3.109948
507709156.132775	14.458199	-3.135230
558480071.746052	13.242436	3.125739
614328078.920657	11.974349	3.106379
675760886.812723	10.657869	3.089593
743336975.493995	9.296552	3.075050
817670673.043395	7.893539	3.062388
899437740.347735	6.451553	3.051230
989381514.382508	4.972887	3.041200
1088319665.820759	3.459414	3.031931
