 1.000000e+01 -1.690420e+01  1.000000e+01 -1.581491e+00 
 1.023293e+01 -1.670421e+01  1.023293e+01 -1.581411e+00 
 1.047129e+01 -1.650422e+01  1.047129e+01 -1.581336e+00 
 1.071519e+01 -1.630423e+01  1.071519e+01 -1.581267e+00 
 1.096478e+01 -1.610424e+01  1.096478e+01 -1.581203e+00 
 1.122018e+01 -1.590425e+01  1.122018e+01 -1.581145e+00 
 1.148154e+01 -1.570426e+01  1.148154e+01 -1.581092e+00 
 1.174898e+01 -1.550427e+01  1.174898e+01 -1.581045e+00 
 1.202264e+01 -1.530428e+01  1.202264e+01 -1.581003e+00 
 1.230269e+01 -1.510429e+01  1.230269e+01 -1.580966e+00 
 1.258925e+01 -1.490430e+01  1.258925e+01 -1.580935e+00 
 1.288250e+01 -1.470431e+01  1.288250e+01 -1.580910e+00 
 1.318257e+01 -1.450432e+01  1.318257e+01 -1.580889e+00 
 1.348963e+01 -1.430433e+01  1.348963e+01 -1.580874e+00 
 1.380384e+01 -1.410434e+01  1.380384e+01 -1.580865e+00 
 1.412538e+01 -1.390435e+01  1.412538e+01 -1.580860e+00 
 1.445440e+01 -1.370436e+01  1.445440e+01 -1.580861e+00 
 1.479108e+01 -1.350437e+01  1.479108e+01 -1.580868e+00 
 1.513561e+01 -1.330438e+01  1.513561e+01 -1.580880e+00 
 1.548817e+01 -1.310439e+01  1.548817e+01 -1.580897e+00 
 1.584893e+01 -1.290440e+01  1.584893e+01 -1.580919e+00 
 1.621810e+01 -1.270440e+01  1.621810e+01 -1.580947e+00 
 1.659587e+01 -1.250441e+01  1.659587e+01 -1.580980e+00 
 1.698244e+01 -1.230443e+01  1.698244e+01 -1.581019e+00 
 1.737801e+01 -1.210444e+01  1.737801e+01 -1.581063e+00 
 1.778279e+01 -1.190445e+01  1.778279e+01 -1.581112e+00 
 1.819701e+01 -1.170446e+01  1.819701e+01 -1.581167e+00 
 1.862087e+01 -1.150447e+01  1.862087e+01 -1.581227e+00 
 1.905461e+01 -1.130448e+01  1.905461e+01 -1.581293e+00 
 1.949845e+01 -1.110449e+01  1.949845e+01 -1.581365e+00 
 1.995262e+01 -1.090450e+01  1.995262e+01 -1.581442e+00 
 2.041738e+01 -1.070452e+01  2.041738e+01 -1.581525e+00 
 2.089296e+01 -1.050453e+01  2.089296e+01 -1.581613e+00 
 2.137962e+01 -1.030454e+01  2.137962e+01 -1.581707e+00 
 2.187762e+01 -1.010455e+01  2.187762e+01 -1.581807e+00 
 2.238721e+01 -9.904569e+00  2.238721e+01 -1.581913e+00 
 2.290868e+01 -9.704583e+00  2.290868e+01 -1.582025e+00 
 2.344229e+01 -9.504599e+00  2.344229e+01 -1.582143e+00 
 2.398833e+01 -9.304614e+00  2.398833e+01 -1.582266e+00 
 2.454709e+01 -9.104630e+00  2.454709e+01 -1.582396e+00 
 2.511886e+01 -8.904647e+00  2.511886e+01 -1.582532e+00 
 2.570396e+01 -8.704665e+00  2.570396e+01 -1.582674e+00 
 2.630268e+01 -8.504683e+00  2.630268e+01 -1.582822e+00 
 2.691535e+01 -8.304702e+00  2.691535e+01 -1.582977e+00 
 2.754229e+01 -8.104722e+00  2.754229e+01 -1.583138e+00 
 2.818383e+01 -7.904742e+00  2.818383e+01 -1.583306e+00 
 2.884032e+01 -7.704764e+00  2.884032e+01 -1.583481e+00 
 2.951209e+01 -7.504786e+00  2.951209e+01 -1.583662e+00 
 3.019952e+01 -7.304809e+00  3.019952e+01 -1.583850e+00 
 3.090295e+01 -7.104834e+00  3.090295e+01 -1.584045e+00 
 3.162278e+01 -6.904859e+00  3.162278e+01 -1.584247e+00 
 3.235937e+01 -6.704886e+00  3.235937e+01 -1.584456e+00 
 3.311311e+01 -6.504913e+00  3.311311e+01 -1.584672e+00 
 3.388442e+01 -6.304942e+00  3.388442e+01 -1.584895e+00 
 3.467369e+01 -6.104972e+00  3.467369e+01 -1.585127e+00 
 3.548134e+01 -5.905004e+00  3.548134e+01 -1.585365e+00 
 3.630781e+01 -5.705037e+00  3.630781e+01 -1.585612e+00 
 3.715352e+01 -5.505071e+00  3.715352e+01 -1.585866e+00 
 3.801894e+01 -5.305107e+00  3.801894e+01 -1.586128e+00 
 3.890451e+01 -5.105145e+00  3.890451e+01 -1.586399e+00 
 3.981072e+01 -4.905184e+00  3.981072e+01 -1.586677e+00 
 4.073803e+01 -4.705225e+00  4.073803e+01 -1.586964e+00 
 4.168694e+01 -4.505268e+00  4.168694e+01 -1.587260e+00 
 4.265795e+01 -4.305313e+00  4.265795e+01 -1.587564e+00 
 4.365158e+01 -4.105360e+00  4.365158e+01 -1.587878e+00 
 4.466836e+01 -3.905409e+00  4.466836e+01 -1.588200e+00 
 4.570882e+01 -3.705461e+00  4.570882e+01 -1.588531e+00 
 4.677351e+01 -3.505515e+00  4.677351e+01 -1.588872e+00 
 4.786301e+01 -3.305571e+00  4.786301e+01 -1.589223e+00 
 4.897788e+01 -3.105630e+00  4.897788e+01 -1.589583e+00 
 5.011872e+01 -2.905692e+00  5.011872e+01 -1.589953e+00 
 5.128614e+01 -2.705757e+00  5.128614e+01 -1.590334e+00 
 5.248075e+01 -2.505824e+00  5.248075e+01 -1.590724e+00 
 5.370318e+01 -2.305895e+00  5.370318e+01 -1.591126e+00 
 5.495409e+01 -2.105969e+00  5.495409e+01 -1.591538e+00 
 5.623413e+01 -1.906047e+00  5.623413e+01 -1.591961e+00 
 5.754399e+01 -1.706128e+00  5.754399e+01 -1.592395e+00 
 5.888437e+01 -1.506213e+00  5.888437e+01 -1.592841e+00 
 6.025596e+01 -1.306302e+00  6.025596e+01 -1.593298e+00 
 6.165950e+01 -1.106395e+00  6.165950e+01 -1.593767e+00 
 6.309573e+01 -9.064929e-01  6.309573e+01 -1.594249e+00 
 6.456542e+01 -7.065950e-01  6.456542e+01 -1.594743e+00 
 6.606934e+01 -5.067019e-01  6.606934e+01 -1.595249e+00 
 6.760830e+01 -3.068138e-01  6.760830e+01 -1.595769e+00 
 6.918310e+01 -1.069310e-01  6.918310e+01 -1.596301e+00 
 7.079458e+01  9.294631e-02  7.079458e+01 -1.596847e+00 
 7.244360e+01  2.928179e-01  7.244360e+01 -1.597407e+00 
 7.413102e+01  4.926834e-01  7.413102e+01 -1.597982e+00 
 7.585776e+01  6.925426e-01  7.585776e+01 -1.598570e+00 
 7.762471e+01  8.923952e-01  7.762471e+01 -1.599173e+00 
 7.943282e+01  1.092241e+00  7.943282e+01 -1.599791e+00 
 8.128305e+01  1.292079e+00  8.128305e+01 -1.600425e+00 
 8.317638e+01  1.491910e+00  8.317638e+01 -1.601074e+00 
 8.511380e+01  1.691733e+00  8.511380e+01 -1.601739e+00 
 8.709636e+01  1.891547e+00  8.709636e+01 -1.602421e+00 
 8.912509e+01  2.091353e+00  8.912509e+01 -1.603119e+00 
 9.120108e+01  2.291150e+00  9.120108e+01 -1.603835e+00 
 9.332543e+01  2.490937e+00  9.332543e+01 -1.604568e+00 
 9.549926e+01  2.690714e+00  9.549926e+01 -1.605318e+00 
 9.772372e+01  2.890481e+00  9.772372e+01 -1.606087e+00 
 1.000000e+02  3.090236e+00  1.000000e+02 -1.606875e+00 
 1.023293e+02  3.289980e+00  1.023293e+02 -1.607682e+00 
 1.047129e+02  3.489713e+00  1.047129e+02 -1.608508e+00 
 1.071519e+02  3.689432e+00  1.071519e+02 -1.609354e+00 
 1.096478e+02  3.889138e+00  1.096478e+02 -1.610220e+00 
 1.122018e+02  4.088831e+00  1.122018e+02 -1.611108e+00 
 1.148154e+02  4.288509e+00  1.148154e+02 -1.612016e+00 
 1.174898e+02  4.488172e+00  1.174898e+02 -1.612947e+00 
 1.202264e+02  4.687819e+00  1.202264e+02 -1.613899e+00 
 1.230269e+02  4.887449e+00  1.230269e+02 -1.614875e+00 
 1.258925e+02  5.087062e+00  1.258925e+02 -1.615873e+00 
 1.288250e+02  5.286657e+00  1.288250e+02 -1.616896e+00 
 1.318257e+02  5.486233e+00  1.318257e+02 -1.617942e+00 
 1.348963e+02  5.685789e+00  1.348963e+02 -1.619014e+00 
 1.380384e+02  5.885324e+00  1.380384e+02 -1.620111e+00 
 1.412538e+02  6.084837e+00  1.412538e+02 -1.621234e+00 
 1.445440e+02  6.284327e+00  1.445440e+02 -1.622383e+00 
 1.479108e+02  6.483794e+00  1.479108e+02 -1.623560e+00 
 1.513561e+02  6.683235e+00  1.513561e+02 -1.624764e+00 
 1.548817e+02  6.882650e+00  1.548817e+02 -1.625997e+00 
 1.584893e+02  7.082037e+00  1.584893e+02 -1.627259e+00 
 1.621810e+02  7.281396e+00  1.621810e+02 -1.628551e+00 
 1.659587e+02  7.480725e+00  1.659587e+02 -1.629872e+00 
 1.698244e+02  7.680022e+00  1.698244e+02 -1.631225e+00 
 1.737801e+02  7.879286e+00  1.737801e+02 -1.632610e+00 
 1.778279e+02  8.078515e+00  1.778279e+02 -1.634027e+00 
 1.819701e+02  8.277709e+00  1.819701e+02 -1.635478e+00 
 1.862087e+02  8.476864e+00  1.862087e+02 -1.636962e+00 
 1.905461e+02  8.675980e+00  1.905461e+02 -1.638481e+00 
 1.949845e+02  8.875055e+00  1.949845e+02 -1.640035e+00 
 1.995262e+02  9.074086e+00  1.995262e+02 -1.641626e+00 
 2.041738e+02  9.273071e+00  2.041738e+02 -1.643253e+00 
 2.089296e+02  9.472009e+00  2.089296e+02 -1.644919e+00 
 2.137962e+02  9.670898e+00  2.137962e+02 -1.646623e+00 
 2.187762e+02  9.869734e+00  2.187762e+02 -1.648367e+00 
 2.238721e+02  1.006852e+01  2.238721e+02 -1.650152e+00 
 2.290868e+02  1.026724e+01  2.290868e+02 -1.651977e+00 
 2.344229e+02  1.046590e+01  2.344229e+02 -1.653846e+00 
 2.398833e+02  1.066451e+01  2.398833e+02 -1.655757e+00 
 2.454709e+02  1.086304e+01  2.454709e+02 -1.657712e+00 
 2.511886e+02  1.106151e+01  2.511886e+02 -1.659713e+00 
 2.570396e+02  1.125991e+01  2.570396e+02 -1.661760e+00 
 2.630268e+02  1.145823e+01  2.630268e+02 -1.663854e+00 
 2.691535e+02  1.165648e+01  2.691535e+02 -1.665996e+00 
 2.754229e+02  1.185464e+01  2.754229e+02 -1.668188e+00 
 2.818383e+02  1.205271e+01  2.818383e+02 -1.670430e+00 
 2.884032e+02  1.225070e+01  2.884032e+02 -1.672723e+00 
 2.951209e+02  1.244859e+01  2.951209e+02 -1.675069e+00 
 3.019952e+02  1.264639e+01  3.019952e+02 -1.677468e+00 
 3.090295e+02  1.284408e+01  3.090295e+02 -1.679923e+00 
 3.162278e+02  1.304166e+01  3.162278e+02 -1.682433e+00 
 3.235937e+02  1.323913e+01  3.235937e+02 -1.685001e+00 
 3.311311e+02  1.343649e+01  3.311311e+02 -1.687627e+00 
 3.388442e+02  1.363372e+01  3.388442e+02 -1.690313e+00 
 3.467369e+02  1.383082e+01  3.467369e+02 -1.693060e+00 
 3.548134e+02  1.402779e+01  3.548134e+02 -1.695870e+00 
 3.630781e+02  1.422461e+01  3.630781e+02 -1.698742e+00 
 3.715352e+02  1.442129e+01  3.715352e+02 -1.701680e+00 
 3.801894e+02  1.461782e+01  3.801894e+02 -1.704684e+00 
 3.890451e+02  1.481419e+01  3.890451e+02 -1.707756e+00 
 3.981072e+02  1.501038e+01  3.981072e+02 -1.710897e+00 
 4.073803e+02  1.520640e+01  4.073803e+02 -1.714108e+00 
 4.168694e+02  1.540224e+01  4.168694e+02 -1.717391e+00 
 4.265795e+02  1.559789e+01  4.265795e+02 -1.720748e+00 
 4.365158e+02  1.579333e+01  4.365158e+02 -1.724179e+00 
 4.466836e+02  1.598857e+01  4.466836e+02 -1.727687e+00 
 4.570882e+02  1.618359e+01  4.570882e+02 -1.731272e+00 
 4.677351e+02  1.637838e+01  4.677351e+02 -1.734937e+00 
 4.786301e+02  1.657293e+01  4.786301e+02 -1.738683e+00 
 4.897788e+02  1.676723e+01  4.897788e+02 -1.742512e+00 
 5.011872e+02  1.696127e+01  5.011872e+02 -1.746424e+00 
 5.128614e+02  1.715503e+01  5.128614e+02 -1.750422e+00 
 5.248075e+02  1.734852e+01  5.248075e+02 -1.754507e+00 
 5.370318e+02  1.754170e+01  5.370318e+02 -1.758682e+00 
 5.495409e+02  1.773458e+01  5.495409e+02 -1.762946e+00 
 5.623413e+02  1.792714e+01  5.623413e+02 -1.767303e+00 
 5.754399e+02  1.811935e+01  5.754399e+02 -1.771754e+00 
 5.888437e+02  1.831122e+01  5.888437e+02 -1.776300e+00 
 6.025596e+02  1.850271e+01  6.025596e+02 -1.780944e+00 
 6.165950e+02  1.869383e+01  6.165950e+02 -1.785686e+00 
 6.309573e+02  1.888454e+01  6.309573e+02 -1.790528e+00 
 6.456542e+02  1.907484e+01  6.456542e+02 -1.795473e+00 
 6.606934e+02  1.926471e+01  6.606934e+02 -1.800521e+00 
 6.760830e+02  1.945412e+01  6.760830e+02 -1.805675e+00 
 6.918310e+02  1.964306e+01  6.918310e+02 -1.810936e+00 
 7.079458e+02  1.983151e+01  7.079458e+02 -1.816305e+00 
 7.244360e+02  2.001945e+01  7.244360e+02 -1.821785e+00 
 7.413102e+02  2.020686e+01  7.413102e+02 -1.827377e+00 
 7.585776e+02  2.039371e+01  7.585776e+02 -1.833082e+00 
 7.762471e+02  2.057998e+01  7.762471e+02 -1.838902e+00 
 7.943282e+02  2.076566e+01  7.943282e+02 -1.844838e+00 
 8.128305e+02  2.095070e+01  8.128305e+02 -1.850892e+00 
 8.317638e+02  2.113510e+01  8.317638e+02 -1.857066e+00 
 8.511380e+02  2.131883e+01  8.511380e+02 -1.863360e+00 
 8.709636e+02  2.150185e+01  8.709636e+02 -1.869777e+00 
 8.912509e+02  2.168414e+01  8.912509e+02 -1.876317e+00 
 9.120108e+02  2.186568e+01  9.120108e+02 -1.882981e+00 
 9.332543e+02  2.204643e+01  9.332543e+02 -1.889772e+00 
 9.549926e+02  2.222636e+01  9.549926e+02 -1.896689e+00 
 9.772372e+02  2.240545e+01  9.772372e+02 -1.903734e+00 
 1.000000e+03  2.258365e+01  1.000000e+03 -1.910908e+00 
 1.023293e+03  2.276095e+01  1.023293e+03 -1.918211e+00 
 1.047129e+03  2.293731e+01  1.047129e+03 -1.925645e+00 
 1.071519e+03  2.311268e+01  1.071519e+03 -1.933210e+00 
 1.096478e+03  2.328705e+01  1.096478e+03 -1.940907e+00 
 1.122018e+03  2.346036e+01  1.122018e+03 -1.948735e+00 
 1.148154e+03  2.363260e+01  1.148154e+03 -1.956696e+00 
 1.174898e+03  2.380372e+01  1.174898e+03 -1.964790e+00 
 1.202264e+03  2.397367e+01  1.202264e+03 -1.973016e+00 
 1.230269e+03  2.414244e+01  1.230269e+03 -1.981375e+00 
 1.258925e+03  2.430997e+01  1.258925e+03 -1.989866e+00 
 1.288250e+03  2.447623e+01  1.288250e+03 -1.998489e+00 
 1.318257e+03  2.464118e+01  1.318257e+03 -2.007243e+00 
 1.348963e+03  2.480477e+01  1.348963e+03 -2.016127e+00 
 1.380384e+03  2.496698e+01  1.380384e+03 -2.025142e+00 
 1.412538e+03  2.512775e+01  1.412538e+03 -2.034285e+00 
 1.445440e+03  2.528705e+01  1.445440e+03 -2.043555e+00 
 1.479108e+03  2.544484e+01  1.479108e+03 -2.052951e+00 
 1.513561e+03  2.560107e+01  1.513561e+03 -2.062471e+00 
 1.548817e+03  2.575571e+01  1.548817e+03 -2.072114e+00 
 1.584893e+03  2.590871e+01  1.584893e+03 -2.081877e+00 
 1.621810e+03  2.606004e+01  1.621810e+03 -2.091758e+00 
 1.659587e+03  2.620965e+01  1.659587e+03 -2.101755e+00 
 1.698244e+03  2.635751e+01  1.698244e+03 -2.111864e+00 
 1.737801e+03  2.650357e+01  1.737801e+03 -2.122084e+00 
 1.778279e+03  2.664780e+01  1.778279e+03 -2.132410e+00 
 1.819701e+03  2.679016e+01  1.819701e+03 -2.142840e+00 
 1.862087e+03  2.693061e+01  1.862087e+03 -2.153370e+00 
 1.905461e+03  2.706911e+01  1.905461e+03 -2.163996e+00 
 1.949845e+03  2.720564e+01  1.949845e+03 -2.174714e+00 
 1.995262e+03  2.734016e+01  1.995262e+03 -2.185520e+00 
 2.041738e+03  2.747263e+01  2.041738e+03 -2.196410e+00 
 2.089296e+03  2.760303e+01  2.089296e+03 -2.207380e+00 
 2.137962e+03  2.773132e+01  2.137962e+03 -2.218423e+00 
 2.187762e+03  2.785748e+01  2.187762e+03 -2.229537e+00 
 2.238721e+03  2.798148e+01  2.238721e+03 -2.240714e+00 
 2.290868e+03  2.810331e+01  2.290868e+03 -2.251951e+00 
 2.344229e+03  2.822292e+01  2.344229e+03 -2.263242e+00 
 2.398833e+03  2.834032e+01  2.398833e+03 -2.274580e+00 
 2.454709e+03  2.845547e+01  2.454709e+03 -2.285962e+00 
 2.511886e+03  2.856837e+01  2.511886e+03 -2.297380e+00 
 2.570396e+03  2.867900e+01  2.570396e+03 -2.308830e+00 
 2.630268e+03  2.878734e+01  2.630268e+03 -2.320304e+00 
 2.691535e+03  2.889340e+01  2.691535e+03 -2.331798e+00 
 2.754229e+03  2.899715e+01  2.754229e+03 -2.343305e+00 
 2.818383e+03  2.909861e+01  2.818383e+03 -2.354819e+00 
 2.884032e+03  2.919776e+01  2.884032e+03 -2.366333e+00 
 2.951209e+03  2.929462e+01  2.951209e+03 -2.377843e+00 
 3.019952e+03  2.938917e+01  3.019952e+03 -2.389341e+00 
 3.090295e+03  2.948143e+01  3.090295e+03 -2.400821e+00 
 3.162278e+03  2.957141e+01  3.162278e+03 -2.412279e+00 
 3.235937e+03  2.965912e+01  3.235937e+03 -2.423707e+00 
 3.311311e+03  2.974456e+01  3.311311e+03 -2.435100e+00 
 3.388442e+03  2.982776e+01  3.388442e+03 -2.446452e+00 
 3.467369e+03  2.990873e+01  3.467369e+03 -2.457757e+00 
 3.548134e+03  2.998749e+01  3.548134e+03 -2.469010e+00 
 3.630781e+03  3.006406e+01  3.630781e+03 -2.480206e+00 
 3.715352e+03  3.013847e+01  3.715352e+03 -2.491338e+00 
 3.801894e+03  3.021074e+01  3.801894e+03 -2.502403e+00 
 3.890451e+03  3.028090e+01  3.890451e+03 -2.513395e+00 
 3.981072e+03  3.034897e+01  3.981072e+03 -2.524308e+00 
 4.073803e+03  3.041499e+01  4.073803e+03 -2.535140e+00 
 4.168694e+03  3.047900e+01  4.168694e+03 -2.545885e+00 
 4.265795e+03  3.054101e+01  4.265795e+03 -2.556538e+00 
 4.365158e+03  3.060107e+01  4.365158e+03 -2.567097e+00 
 4.466836e+03  3.065922e+01  4.466836e+03 -2.577557e+00 
 4.570882e+03  3.071548e+01  4.570882e+03 -2.587915e+00 
 4.677351e+03  3.076991e+01  4.677351e+03 -2.598166e+00 
 4.786301e+03  3.082252e+01  4.786301e+03 -2.608309e+00 
 4.897788e+03  3.087337e+01  4.897788e+03 -2.618340e+00 
 5.011872e+03  3.092250e+01  5.011872e+03 -2.628256e+00 
 5.128614e+03  3.096993e+01  5.128614e+03 -2.638055e+00 
 5.248075e+03  3.101572e+01  5.248075e+03 -2.647734e+00 
 5.370318e+03  3.105991e+01  5.370318e+03 -2.657292e+00 
 5.495409e+03  3.110253e+01  5.495409e+03 -2.666726e+00 
 5.623413e+03  3.114363e+01  5.623413e+03 -2.676035e+00 
 5.754399e+03  3.118324e+01  5.754399e+03 -2.685217e+00 
 5.888437e+03  3.122141e+01  5.888437e+03 -2.694271e+00 
 6.025596e+03  3.125818e+01  6.025596e+03 -2.703196e+00 
 6.165950e+03  3.129359e+01  6.165950e+03 -2.711991e+00 
 6.309573e+03  3.132767e+01  6.309573e+03 -2.720655e+00 
 6.456542e+03  3.136048e+01  6.456542e+03 -2.729187e+00 
 6.606934e+03  3.139204e+01  6.606934e+03 -2.737587e+00 
 6.760830e+03  3.142239e+01  6.760830e+03 -2.745855e+00 
 6.918310e+03  3.145158e+01  6.918310e+03 -2.753991e+00 
 7.079458e+03  3.147964e+01  7.079458e+03 -2.761995e+00 
 7.244360e+03  3.150660e+01  7.244360e+03 -2.769866e+00 
 7.413102e+03  3.153251e+01  7.413102e+03 -2.777605e+00 
 7.585776e+03  3.155740e+01  7.585776e+03 -2.785213e+00 
 7.762471e+03  3.158130e+01  7.762471e+03 -2.792690e+00 
 7.943282e+03  3.160425e+01  7.943282e+03 -2.800036e+00 
 8.128305e+03  3.162628e+01  8.128305e+03 -2.807253e+00 
 8.317638e+03  3.164743e+01  8.317638e+03 -2.814341e+00 
 8.511380e+03  3.166771e+01  8.511380e+03 -2.821301e+00 
 8.709636e+03  3.168718e+01  8.709636e+03 -2.828135e+00 
 8.912509e+03  3.170585e+01  8.912509e+03 -2.834842e+00 
 9.120108e+03  3.172376e+01  9.120108e+03 -2.841425e+00 
 9.332543e+03  3.174092e+01  9.332543e+03 -2.847884e+00 
 9.549926e+03  3.175738e+01  9.549926e+03 -2.854222e+00 
 9.772372e+03  3.177316e+01  9.772372e+03 -2.860438e+00 
 1.000000e+04  3.178828e+01  1.000000e+04 -2.866535e+00 
 1.023293e+04  3.180277e+01  1.023293e+04 -2.872514e+00 
 1.047129e+04  3.181665e+01  1.047129e+04 -2.878377e+00 
 1.071519e+04  3.182995e+01  1.071519e+04 -2.884124e+00 
 1.096478e+04  3.184269e+01  1.096478e+04 -2.889758e+00 
 1.122018e+04  3.185489e+01  1.122018e+04 -2.895280e+00 
 1.148154e+04  3.186658e+01  1.148154e+04 -2.900692e+00 
 1.174898e+04  3.187776e+01  1.174898e+04 -2.905995e+00 
 1.202264e+04  3.188847e+01  1.202264e+04 -2.911191e+00 
 1.230269e+04  3.189873e+01  1.230269e+04 -2.916281e+00 
 1.258925e+04  3.190854e+01  1.258925e+04 -2.921268e+00 
 1.288250e+04  3.191793e+01  1.288250e+04 -2.926152e+00 
 1.318257e+04  3.192692e+01  1.318257e+04 -2.930936e+00 
 1.348963e+04  3.193553e+01  1.348963e+04 -2.935621e+00 
 1.380384e+04  3.194376e+01  1.380384e+04 -2.940209e+00 
 1.412538e+04  3.195163e+01  1.412538e+04 -2.944702e+00 
 1.445440e+04  3.195917e+01  1.445440e+04 -2.949100e+00 
 1.479108e+04  3.196637e+01  1.479108e+04 -2.953407e+00 
 1.513561e+04  3.197327e+01  1.513561e+04 -2.957623e+00 
 1.548817e+04  3.197986e+01  1.548817e+04 -2.961750e+00 
 1.584893e+04  3.198617e+01  1.584893e+04 -2.965789e+00 
 1.621810e+04  3.199220e+01  1.621810e+04 -2.969744e+00 
 1.659587e+04  3.199797e+01  1.659587e+04 -2.973614e+00 
 1.698244e+04  3.200348e+01  1.698244e+04 -2.977401e+00 
 1.737801e+04  3.200876e+01  1.737801e+04 -2.981108e+00 
 1.778279e+04  3.201380e+01  1.778279e+04 -2.984736e+00 
 1.819701e+04  3.201862e+01  1.819701e+04 -2.988286e+00 
 1.862087e+04  3.202323e+01  1.862087e+04 -2.991759e+00 
 1.905461e+04  3.202764e+01  1.905461e+04 -2.995158e+00 
 1.949845e+04  3.203185e+01  1.949845e+04 -2.998484e+00 
 1.995262e+04  3.203587e+01  1.995262e+04 -3.001738e+00 
 2.041738e+04  3.203972e+01  2.041738e+04 -3.004922e+00 
 2.089296e+04  3.204340e+01  2.089296e+04 -3.008037e+00 
 2.137962e+04  3.204692e+01  2.137962e+04 -3.011084e+00 
 2.187762e+04  3.205028e+01  2.187762e+04 -3.014066e+00 
 2.238721e+04  3.205349e+01  2.238721e+04 -3.016983e+00 
 2.290868e+04  3.205656e+01  2.290868e+04 -3.019836e+00 
 2.344229e+04  3.205949e+01  2.344229e+04 -3.022628e+00 
 2.398833e+04  3.206229e+01  2.398833e+04 -3.025359e+00 
 2.454709e+04  3.206497e+01  2.454709e+04 -3.028030e+00 
 2.511886e+04  3.206753e+01  2.511886e+04 -3.030644e+00 
 2.570396e+04  3.206997e+01  2.570396e+04 -3.033200e+00 
 2.630268e+04  3.207231e+01  2.630268e+04 -3.035701e+00 
 2.691535e+04  3.207454e+01  2.691535e+04 -3.038148e+00 
 2.754229e+04  3.207668e+01  2.754229e+04 -3.040541e+00 
 2.818383e+04  3.207872e+01  2.818383e+04 -3.042882e+00 
 2.884032e+04  3.208066e+01  2.884032e+04 -3.045173e+00 
 2.951209e+04  3.208252e+01  2.951209e+04 -3.047413e+00 
 3.019952e+04  3.208430e+01  3.019952e+04 -3.049605e+00 
 3.090295e+04  3.208600e+01  3.090295e+04 -3.051749e+00 
 3.162278e+04  3.208762e+01  3.162278e+04 -3.053846e+00 
 3.235937e+04  3.208917e+01  3.235937e+04 -3.055898e+00 
 3.311311e+04  3.209065e+01  3.311311e+04 -3.057906e+00 
 3.388442e+04  3.209207e+01  3.388442e+04 -3.059870e+00 
 3.467369e+04  3.209342e+01  3.467369e+04 -3.061791e+00 
 3.548134e+04  3.209471e+01  3.548134e+04 -3.063671e+00 
 3.630781e+04  3.209594e+01  3.630781e+04 -3.065511e+00 
 3.715352e+04  3.209712e+01  3.715352e+04 -3.067310e+00 
 3.801894e+04  3.209824e+01  3.801894e+04 -3.069071e+00 
 3.890451e+04  3.209932e+01  3.890451e+04 -3.070794e+00 
 3.981072e+04  3.210035e+01  3.981072e+04 -3.072480e+00 
 4.073803e+04  3.210133e+01  4.073803e+04 -3.074130e+00 
 4.168694e+04  3.210226e+01  4.168694e+04 -3.075745e+00 
 4.265795e+04  3.210316e+01  4.265795e+04 -3.077325e+00 
 4.365158e+04  3.210401e+01  4.365158e+04 -3.078871e+00 
 4.466836e+04  3.210483e+01  4.466836e+04 -3.080385e+00 
 4.570882e+04  3.210561e+01  4.570882e+04 -3.081866e+00 
 4.677351e+04  3.210635e+01  4.677351e+04 -3.083316e+00 
 4.786301e+04  3.210706e+01  4.786301e+04 -3.084736e+00 
 4.897788e+04  3.210774e+01  4.897788e+04 -3.086125e+00 
 5.011872e+04  3.210839e+01  5.011872e+04 -3.087486e+00 
 5.128614e+04  3.210901e+01  5.128614e+04 -3.088818e+00 
 5.248075e+04  3.210960e+01  5.248075e+04 -3.090122e+00 
 5.370318e+04  3.211017e+01  5.370318e+04 -3.091399e+00 
 5.495409e+04  3.211071e+01  5.495409e+04 -3.092650e+00 
 5.623413e+04  3.211122e+01  5.623413e+04 -3.093875e+00 
 5.754399e+04  3.211172e+01  5.754399e+04 -3.095075e+00 
 5.888437e+04  3.211219e+01  5.888437e+04 -3.096251e+00 
 6.025596e+04  3.211263e+01  6.025596e+04 -3.097403e+00 
 6.165950e+04  3.211306e+01  6.165950e+04 -3.098531e+00 
 6.309573e+04  3.211347e+01  6.309573e+04 -3.099636e+00 
 6.456542e+04  3.211386e+01  6.456542e+04 -3.100720e+00 
 6.606934e+04  3.211424e+01  6.606934e+04 -3.101782e+00 
 6.760830e+04  3.211459e+01  6.760830e+04 -3.102823e+00 
 6.918310e+04  3.211493e+01  6.918310e+04 -3.103843e+00 
 7.079458e+04  3.211526e+01  7.079458e+04 -3.104844e+00 
 7.244360e+04  3.211557e+01  7.244360e+04 -3.105825e+00 
 7.413102e+04  3.211587e+01  7.413102e+04 -3.106787e+00 
 7.585776e+04  3.211615e+01  7.585776e+04 -3.107731e+00 
 7.762471e+04  3.211642e+01  7.762471e+04 -3.108657e+00 
 7.943282e+04  3.211668e+01  7.943282e+04 -3.109566e+00 
 8.128305e+04  3.211692e+01  8.128305e+04 -3.110458e+00 
 8.317638e+04  3.211716e+01  8.317638e+04 -3.111333e+00 
 8.511380e+04  3.211738e+01  8.511380e+04 -3.112192e+00 
 8.709636e+04  3.211760e+01  8.709636e+04 -3.113036e+00 
 8.912509e+04  3.211780e+01  8.912509e+04 -3.113865e+00 
 9.120108e+04  3.211800e+01  9.120108e+04 -3.114679e+00 
 9.332543e+04  3.211818e+01  9.332543e+04 -3.115478e+00 
 9.549926e+04  3.211836e+01  9.549926e+04 -3.116264e+00 
 9.772372e+04  3.211853e+01  9.772372e+04 -3.117037e+00 
 1.000000e+05  3.211869e+01  1.000000e+05 -3.117797e+00 
 1.023293e+05  3.211885e+01  1.023293e+05 -3.118544e+00 
 1.047129e+05  3.211900e+01  1.047129e+05 -3.119278e+00 
 1.071519e+05  3.211914e+01  1.071519e+05 -3.120001e+00 
 1.096478e+05  3.211927e+01  1.096478e+05 -3.120713e+00 
 1.122018e+05  3.211940e+01  1.122018e+05 -3.121414e+00 
 1.148154e+05  3.211952e+01  1.148154e+05 -3.122103e+00 
 1.174898e+05  3.211964e+01  1.174898e+05 -3.122783e+00 
 1.202264e+05  3.211975e+01  1.202264e+05 -3.123453e+00 
 1.230269e+05  3.211985e+01  1.230269e+05 -3.124113e+00 
 1.258925e+05  3.211996e+01  1.258925e+05 -3.124763e+00 
 1.288250e+05  3.212005e+01  1.288250e+05 -3.125405e+00 
 1.318257e+05  3.212014e+01  1.318257e+05 -3.126038e+00 
 1.348963e+05  3.212023e+01  1.348963e+05 -3.126664e+00 
 1.380384e+05  3.212031e+01  1.380384e+05 -3.127281e+00 
 1.412538e+05  3.212039e+01  1.412538e+05 -3.127890e+00 
 1.445440e+05  3.212047e+01  1.445440e+05 -3.128493e+00 
 1.479108e+05  3.212054e+01  1.479108e+05 -3.129088e+00 
 1.513561e+05  3.212061e+01  1.513561e+05 -3.129677e+00 
 1.548817e+05  3.212067e+01  1.548817e+05 -3.130259e+00 
 1.584893e+05  3.212073e+01  1.584893e+05 -3.130836e+00 
 1.621810e+05  3.212079e+01  1.621810e+05 -3.131406e+00 
 1.659587e+05  3.212085e+01  1.659587e+05 -3.131972e+00 
 1.698244e+05  3.212090e+01  1.698244e+05 -3.132532e+00 
 1.737801e+05  3.212095e+01  1.737801e+05 -3.133087e+00 
 1.778279e+05  3.212100e+01  1.778279e+05 -3.133638e+00 
 1.819701e+05  3.212104e+01  1.819701e+05 -3.134185e+00 
 1.862087e+05  3.212108e+01  1.862087e+05 -3.134728e+00 
 1.905461e+05  3.212112e+01  1.905461e+05 -3.135267e+00 
 1.949845e+05  3.212116e+01  1.949845e+05 -3.135803e+00 
 1.995262e+05  3.212120e+01  1.995262e+05 -3.136336e+00 
 2.041738e+05  3.212123e+01  2.041738e+05 -3.136866e+00 
 2.089296e+05  3.212126e+01  2.089296e+05 -3.137393e+00 
 2.137962e+05  3.212129e+01  2.137962e+05 -3.137918e+00 
 2.187762e+05  3.212132e+01  2.187762e+05 -3.138442e+00 
 2.238721e+05  3.212134e+01  2.238721e+05 -3.138963e+00 
 2.290868e+05  3.212137e+01  2.290868e+05 -3.139484e+00 
 2.344229e+05  3.212139e+01  2.344229e+05 -3.140003e+00 
 2.398833e+05  3.212141e+01  2.398833e+05 -3.140521e+00 
 2.454709e+05  3.212143e+01  2.454709e+05 -3.141039e+00 
 2.511886e+05  3.212144e+01  2.511886e+05 -3.141556e+00 
 2.570396e+05  3.212146e+01  2.570396e+05  3.141112e+00 
 2.630268e+05  3.212147e+01  2.630268e+05  3.140594e+00 
 2.691535e+05  3.212149e+01  2.691535e+05  3.140076e+00 
 2.754229e+05  3.212150e+01  2.754229e+05  3.139557e+00 
 2.818383e+05  3.212151e+01  2.818383e+05  3.139036e+00 
 2.884032e+05  3.212151e+01  2.884032e+05  3.138515e+00 
 2.951209e+05  3.212152e+01  2.951209e+05  3.137992e+00 
 3.019952e+05  3.212152e+01  3.019952e+05  3.137467e+00 
 3.090295e+05  3.212153e+01  3.090295e+05  3.136940e+00 
 3.162278e+05  3.212153e+01  3.162278e+05  3.136410e+00 
 3.235937e+05  3.212153e+01  3.235937e+05  3.135878e+00 
 3.311311e+05  3.212153e+01  3.311311e+05  3.135342e+00 
 3.388442e+05  3.212153e+01  3.388442e+05  3.134803e+00 
 3.467369e+05  3.212152e+01  3.467369e+05  3.134261e+00 
 3.548134e+05  3.212152e+01  3.548134e+05  3.133715e+00 
 3.630781e+05  3.212151e+01  3.630781e+05  3.133164e+00 
 3.715352e+05  3.212150e+01  3.715352e+05  3.132610e+00 
 3.801894e+05  3.212149e+01  3.801894e+05  3.132050e+00 
 3.890451e+05  3.212148e+01  3.890451e+05  3.131485e+00 
 3.981072e+05  3.212147e+01  3.981072e+05  3.130915e+00 
 4.073803e+05  3.212146e+01  4.073803e+05  3.130339e+00 
 4.168694e+05  3.212144e+01  4.168694e+05  3.129758e+00 
 4.265795e+05  3.212142e+01  4.265795e+05  3.129170e+00 
 4.365158e+05  3.212141e+01  4.365158e+05  3.128575e+00 
 4.466836e+05  3.212138e+01  4.466836e+05  3.127974e+00 
 4.570882e+05  3.212136e+01  4.570882e+05  3.127365e+00 
 4.677351e+05  3.212134e+01  4.677351e+05  3.126749e+00 
 4.786301e+05  3.212131e+01  4.786301e+05  3.126125e+00 
 4.897788e+05  3.212129e+01  4.897788e+05  3.125492e+00 
 5.011872e+05  3.212126e+01  5.011872e+05  3.124852e+00 
 5.128614e+05  3.212122e+01  5.128614e+05  3.124202e+00 
 5.248075e+05  3.212119e+01  5.248075e+05  3.123543e+00 
 5.370318e+05  3.212115e+01  5.370318e+05  3.122875e+00 
 5.495409e+05  3.212112e+01  5.495409e+05  3.122196e+00 
 5.623413e+05  3.212108e+01  5.623413e+05  3.121507e+00 
 5.754399e+05  3.212103e+01  5.754399e+05  3.120808e+00 
 5.888437e+05  3.212099e+01  5.888437e+05  3.120098e+00 
 6.025596e+05  3.212094e+01  6.025596e+05  3.119376e+00 
 6.165950e+05  3.212089e+01  6.165950e+05  3.118642e+00 
 6.309573e+05  3.212084e+01  6.309573e+05  3.117897e+00 
 6.456542e+05  3.212078e+01  6.456542e+05  3.117139e+00 
 6.606934e+05  3.212072e+01  6.606934e+05  3.116367e+00 
 6.760830e+05  3.212066e+01  6.760830e+05  3.115583e+00 
 6.918310e+05  3.212060e+01  6.918310e+05  3.114784e+00 
 7.079458e+05  3.212053e+01  7.079458e+05  3.113972e+00 
 7.244360e+05  3.212045e+01  7.244360e+05  3.113145e+00 
 7.413102e+05  3.212038e+01  7.413102e+05  3.112302e+00 
 7.585776e+05  3.212030e+01  7.585776e+05  3.111444e+00 
 7.762471e+05  3.212022e+01  7.762471e+05  3.110571e+00 
 7.943282e+05  3.212013e+01  7.943282e+05  3.109680e+00 
 8.128305e+05  3.212003e+01  8.128305e+05  3.108773e+00 
 8.317638e+05  3.211994e+01  8.317638e+05  3.107849e+00 
 8.511380e+05  3.211984e+01  8.511380e+05  3.106906e+00 
 8.709636e+05  3.211973e+01  8.709636e+05  3.105945e+00 
 8.912509e+05  3.211962e+01  8.912509e+05  3.104966e+00 
 9.120108e+05  3.211950e+01  9.120108e+05  3.103967e+00 
 9.332543e+05  3.211938e+01  9.332543e+05  3.102948e+00 
 9.549926e+05  3.211925e+01  9.549926e+05  3.101908e+00 
 9.772372e+05  3.211911e+01  9.772372e+05  3.100847e+00 
 1.000000e+06  3.211897e+01  1.000000e+06  3.099765e+00 
 1.023293e+06  3.211882e+01  1.023293e+06  3.098661e+00 
 1.047129e+06  3.211867e+01  1.047129e+06  3.097534e+00 
 1.071519e+06  3.211850e+01  1.071519e+06  3.096384e+00 
 1.096478e+06  3.211833e+01  1.096478e+06  3.095209e+00 
 1.122018e+06  3.211815e+01  1.122018e+06  3.094010e+00 
 1.148154e+06  3.211796e+01  1.148154e+06  3.092786e+00 
 1.174898e+06  3.211777e+01  1.174898e+06  3.091536e+00 
 1.202264e+06  3.211756e+01  1.202264e+06  3.090260e+00 
 1.230269e+06  3.211734e+01  1.230269e+06  3.088956e+00 
 1.258925e+06  3.211712e+01  1.258925e+06  3.087624e+00 
 1.288250e+06  3.211688e+01  1.288250e+06  3.086264e+00 
 1.318257e+06  3.211663e+01  1.318257e+06  3.084875e+00 
 1.348963e+06  3.211637e+01  1.348963e+06  3.083455e+00 
 1.380384e+06  3.211610e+01  1.380384e+06  3.082005e+00 
 1.412538e+06  3.211581e+01  1.412538e+06  3.080523e+00 
 1.445440e+06  3.211551e+01  1.445440e+06  3.079009e+00 
 1.479108e+06  3.211520e+01  1.479108e+06  3.077461e+00 
 1.513561e+06  3.211487e+01  1.513561e+06  3.075880e+00 
 1.548817e+06  3.211453e+01  1.548817e+06  3.074264e+00 
 1.584893e+06  3.211417e+01  1.584893e+06  3.072612e+00 
 1.621810e+06  3.211379e+01  1.621810e+06  3.070924e+00 
 1.659587e+06  3.211340e+01  1.659587e+06  3.069198e+00 
 1.698244e+06  3.211298e+01  1.698244e+06  3.067434e+00 
 1.737801e+06  3.211255e+01  1.737801e+06  3.065631e+00 
 1.778279e+06  3.211210e+01  1.778279e+06  3.063788e+00 
 1.819701e+06  3.211162e+01  1.819701e+06  3.061903e+00 
 1.862087e+06  3.211112e+01  1.862087e+06  3.059976e+00 
 1.905461e+06  3.211060e+01  1.905461e+06  3.058006e+00 
 1.949845e+06  3.211006e+01  1.949845e+06  3.055992e+00 
 1.995262e+06  3.210949e+01  1.995262e+06  3.053933e+00 
 2.041738e+06  3.210889e+01  2.041738e+06  3.051827e+00 
 2.089296e+06  3.210826e+01  2.089296e+06  3.049674e+00 
 2.137962e+06  3.210761e+01  2.137962e+06  3.047472e+00 
 2.187762e+06  3.210692e+01  2.187762e+06  3.045220e+00 
 2.238721e+06  3.210620e+01  2.238721e+06  3.042918e+00 
 2.290868e+06  3.210545e+01  2.290868e+06  3.040563e+00 
 2.344229e+06  3.210466e+01  2.344229e+06  3.038155e+00 
 2.398833e+06  3.210383e+01  2.398833e+06  3.035692e+00 
 2.454709e+06  3.210297e+01  2.454709e+06  3.033173e+00 
 2.511886e+06  3.210206e+01  2.511886e+06  3.030597e+00 
 2.570396e+06  3.210112e+01  2.570396e+06  3.027962e+00 
 2.630268e+06  3.210012e+01  2.630268e+06  3.025268e+00 
 2.691535e+06  3.209908e+01  2.691535e+06  3.022512e+00 
 2.754229e+06  3.209800e+01  2.754229e+06  3.019693e+00 
 2.818383e+06  3.209686e+01  2.818383e+06  3.016809e+00 
 2.884032e+06  3.209566e+01  2.884032e+06  3.013860e+00 
 2.951209e+06  3.209441e+01  2.951209e+06  3.010844e+00 
 3.019952e+06  3.209310e+01  3.019952e+06  3.007758e+00 
 3.090295e+06  3.209173e+01  3.090295e+06  3.004602e+00 
 3.162278e+06  3.209030e+01  3.162278e+06  3.001374e+00 
 3.235937e+06  3.208880e+01  3.235937e+06  2.998072e+00 
 3.311311e+06  3.208722e+01  3.311311e+06  2.994694e+00 
 3.388442e+06  3.208558e+01  3.388442e+06  2.991239e+00 
 3.467369e+06  3.208385e+01  3.467369e+06  2.987705e+00 
 3.548134e+06  3.208205e+01  3.548134e+06  2.984090e+00 
 3.630781e+06  3.208016e+01  3.630781e+06  2.980392e+00 
 3.715352e+06  3.207818e+01  3.715352e+06  2.976609e+00 
 3.801894e+06  3.207611e+01  3.801894e+06  2.972739e+00 
 3.890451e+06  3.207394e+01  3.890451e+06  2.968781e+00 
 3.981072e+06  3.207166e+01  3.981072e+06  2.964732e+00 
 4.073803e+06  3.206928e+01  4.073803e+06  2.960590e+00 
 4.168694e+06  3.206679e+01  4.168694e+06  2.956353e+00 
 4.265795e+06  3.206418e+01  4.265795e+06  2.952019e+00 
 4.365158e+06  3.206145e+01  4.365158e+06  2.947586e+00 
 4.466836e+06  3.205859e+01  4.466836e+06  2.943050e+00 
 4.570882e+06  3.205560e+01  4.570882e+06  2.938411e+00 
 4.677351e+06  3.205246e+01  4.677351e+06  2.933666e+00 
 4.786301e+06  3.204918e+01  4.786301e+06  2.928812e+00 
 4.897788e+06  3.204575e+01  4.897788e+06  2.923846e+00 
 5.011872e+06  3.204215e+01  5.011872e+06  2.918767e+00 
 5.128614e+06  3.203838e+01  5.128614e+06  2.913571e+00 
 5.248075e+06  3.203444e+01  5.248075e+06  2.908257e+00 
 5.370318e+06  3.203031e+01  5.370318e+06  2.902821e+00 
 5.495409e+06  3.202598e+01  5.495409e+06  2.897260e+00 
 5.623413e+06  3.202146e+01  5.623413e+06  2.891573e+00 
 5.754399e+06  3.201672e+01  5.754399e+06  2.885755e+00 
 5.888437e+06  3.201176e+01  5.888437e+06  2.879805e+00 
 6.025596e+06  3.200656e+01  6.025596e+06  2.873718e+00 
 6.165950e+06  3.200112e+01  6.165950e+06  2.867493e+00 
 6.309573e+06  3.199543e+01  6.309573e+06  2.861126e+00 
 6.456542e+06  3.198947e+01  6.456542e+06  2.854614e+00 
 6.606934e+06  3.198323e+01  6.606934e+06  2.847954e+00 
 6.760830e+06  3.197670e+01  6.760830e+06  2.841142e+00 
 6.918310e+06  3.196986e+01  6.918310e+06  2.834175e+00 
 7.079458e+06  3.196270e+01  7.079458e+06  2.827051e+00 
 7.244360e+06  3.195520e+01  7.244360e+06  2.819764e+00 
 7.413102e+06  3.194736e+01  7.413102e+06  2.812313e+00 
 7.585776e+06  3.193914e+01  7.585776e+06  2.804693e+00 
 7.762471e+06  3.193054e+01  7.762471e+06  2.796900e+00 
 7.943282e+06  3.192154e+01  7.943282e+06  2.788932e+00 
 8.128305e+06  3.191212e+01  8.128305e+06  2.780784e+00 
 8.317638e+06  3.190226e+01  8.317638e+06  2.772453e+00 
 8.511380e+06  3.189194e+01  8.511380e+06  2.763934e+00 
 8.709636e+06  3.188114e+01  8.709636e+06  2.755225e+00 
 8.912509e+06  3.186983e+01  8.912509e+06  2.746320e+00 
 9.120108e+06  3.185799e+01  9.120108e+06  2.737216e+00 
 9.332543e+06  3.184560e+01  9.332543e+06  2.727908e+00 
 9.549926e+06  3.183264e+01  9.549926e+06  2.718393e+00 
 9.772372e+06  3.181907e+01  9.772372e+06  2.708667e+00 
 1.000000e+07  3.180487e+01  1.000000e+07  2.698725e+00 
 1.023293e+07  3.179001e+01  1.023293e+07  2.688563e+00 
 1.047129e+07  3.177445e+01  1.047129e+07  2.678176e+00 
 1.071519e+07  3.175818e+01  1.071519e+07  2.667561e+00 
 1.096478e+07  3.174115e+01  1.096478e+07  2.656712e+00 
 1.122018e+07  3.172333e+01  1.122018e+07  2.645626e+00 
 1.148154e+07  3.170468e+01  1.148154e+07  2.634298e+00 
 1.174898e+07  3.168518e+01  1.174898e+07  2.622723e+00 
 1.202264e+07  3.166477e+01  1.202264e+07  2.610897e+00 
 1.230269e+07  3.164342e+01  1.230269e+07  2.598815e+00 
 1.258925e+07  3.162108e+01  1.258925e+07  2.586473e+00 
 1.288250e+07  3.159772e+01  1.288250e+07  2.573867e+00 
 1.318257e+07  3.157328e+01  1.318257e+07  2.560991e+00 
 1.348963e+07  3.154772e+01  1.348963e+07  2.547842e+00 
 1.380384e+07  3.152099e+01  1.380384e+07  2.534414e+00 
 1.412538e+07  3.149303e+01  1.412538e+07  2.520703e+00 
 1.445440e+07  3.146380e+01  1.445440e+07  2.506705e+00 
 1.479108e+07  3.143323e+01  1.479108e+07  2.492415e+00 
 1.513561e+07  3.140127e+01  1.513561e+07  2.477829e+00 
 1.548817e+07  3.136786e+01  1.548817e+07  2.462943e+00 
 1.584893e+07  3.133294e+01  1.584893e+07  2.447752e+00 
 1.621810e+07  3.129644e+01  1.621810e+07  2.432252e+00 
 1.659587e+07  3.125829e+01  1.659587e+07  2.416440e+00 
 1.698244e+07  3.121842e+01  1.698244e+07  2.400311e+00 
 1.737801e+07  3.117677e+01  1.737801e+07  2.383862e+00 
 1.778279e+07  3.113326e+01  1.778279e+07  2.367089e+00 
 1.819701e+07  3.108780e+01  1.819701e+07  2.349988e+00 
 1.862087e+07  3.104033e+01  1.862087e+07  2.332557e+00 
 1.905461e+07  3.099076e+01  1.905461e+07  2.314793e+00 
 1.949845e+07  3.093901e+01  1.949845e+07  2.296692e+00 
 1.995262e+07  3.088498e+01  1.995262e+07  2.278252e+00 
 2.041738e+07  3.082859e+01  2.041738e+07  2.259472e+00 
 2.089296e+07  3.076975e+01  2.089296e+07  2.240348e+00 
 2.137962e+07  3.070837e+01  2.137962e+07  2.220880e+00 
 2.187762e+07  3.064434e+01  2.187762e+07  2.201066e+00 
 2.238721e+07  3.057757e+01  2.238721e+07  2.180905e+00 
 2.290868e+07  3.050796e+01  2.290868e+07  2.160397e+00 
 2.344229e+07  3.043541e+01  2.344229e+07  2.139542e+00 
 2.398833e+07  3.035982e+01  2.398833e+07  2.118340e+00 
 2.454709e+07  3.028107e+01  2.454709e+07  2.096792e+00 
 2.511886e+07  3.019906e+01  2.511886e+07  2.074899e+00 
 2.570396e+07  3.011368e+01  2.570396e+07  2.052664e+00 
 2.630268e+07  3.002483e+01  2.630268e+07  2.030088e+00 
 2.691535e+07  2.993238e+01  2.691535e+07  2.007174e+00 
 2.754229e+07  2.983625e+01  2.754229e+07  1.983927e+00 
 2.818383e+07  2.973630e+01  2.818383e+07  1.960350e+00 
 2.884032e+07  2.963244e+01  2.884032e+07  1.936448e+00 
 2.951209e+07  2.952455e+01  2.951209e+07  1.912227e+00 
 3.019952e+07  2.941253e+01  3.019952e+07  1.887692e+00 
 3.090295e+07  2.929626e+01  3.090295e+07  1.862851e+00 
 3.162278e+07  2.917564e+01  3.162278e+07  1.837710e+00 
 3.235937e+07  2.905057e+01  3.235937e+07  1.812278e+00 
 3.311311e+07  2.892095e+01  3.311311e+07  1.786563e+00 
 3.388442e+07  2.878667e+01  3.388442e+07  1.760574e+00 
 3.467369e+07  2.864765e+01  3.467369e+07  1.734322e+00 
 3.548134e+07  2.850380e+01  3.548134e+07  1.707817e+00 
 3.630781e+07  2.835501e+01  3.630781e+07  1.681070e+00 
 3.715352e+07  2.820122e+01  3.715352e+07  1.654093e+00 
 3.801894e+07  2.804235e+01  3.801894e+07  1.626897e+00 
 3.890451e+07  2.787833e+01  3.890451e+07  1.599496e+00 
 3.981072e+07  2.770908e+01  3.981072e+07  1.571903e+00 
 4.073803e+07  2.753456e+01  4.073803e+07  1.544131e+00 
 4.168694e+07  2.735470e+01  4.168694e+07  1.516193e+00 
 4.265795e+07  2.716946e+01  4.265795e+07  1.488105e+00 
 4.365158e+07  2.697880e+01  4.365158e+07  1.459881e+00 
 4.466836e+07  2.678269e+01  4.466836e+07  1.431535e+00 
 4.570882e+07  2.658110e+01  4.570882e+07  1.403082e+00 
 4.677351e+07  2.637402e+01  4.677351e+07  1.374537e+00 
 4.786301e+07  2.616143e+01  4.786301e+07  1.345914e+00 
 4.897788e+07  2.594332e+01  4.897788e+07  1.317228e+00 
 5.011872e+07  2.571971e+01  5.011872e+07  1.288495e+00 
 5.128614e+07  2.549060e+01  5.128614e+07  1.259728e+00 
 5.248075e+07  2.525602e+01  5.248075e+07  1.230942e+00 
 5.370318e+07  2.501597e+01  5.370318e+07  1.202151e+00 
 5.495409e+07  2.477050e+01  5.495409e+07  1.173367e+00 
 5.623413e+07  2.451964e+01  5.623413e+07  1.144606e+00 
 5.754399e+07  2.426343e+01  5.754399e+07  1.115878e+00 
 5.888437e+07  2.400192e+01  5.888437e+07  1.087197e+00 
 6.025596e+07  2.373516e+01  6.025596e+07  1.058574e+00 
 6.165950e+07  2.346321e+01  6.165950e+07  1.030020e+00 
 6.309573e+07  2.318613e+01  6.309573e+07  1.001547e+00 
 6.456542e+07  2.290399e+01  6.456542e+07  9.731632e-01 
 6.606934e+07  2.261685e+01  6.606934e+07  9.448791e-01 
 6.760830e+07  2.232478e+01  6.760830e+07  9.167031e-01 
 6.918310e+07  2.202785e+01  6.918310e+07  8.886433e-01 
 7.079458e+07  2.172615e+01  7.079458e+07  8.607073e-01 
 7.244360e+07  2.141975e+01  7.244360e+07  8.329018e-01 
 7.413102e+07  2.110871e+01  7.413102e+07  8.052329e-01 
 7.585776e+07  2.079314e+01  7.585776e+07  7.777063e-01 
 7.762471e+07  2.047309e+01  7.762471e+07  7.503268e-01 
 7.943282e+07  2.014864e+01  7.943282e+07  7.230987e-01 
 8.128305e+07  1.981989e+01  8.128305e+07  6.960258e-01 
 8.317638e+07  1.948689e+01  8.317638e+07  6.691112e-01 
 8.511380e+07  1.914973e+01  8.511380e+07  6.423576e-01 
 8.709636e+07  1.880847e+01  8.709636e+07  6.157670e-01 
 8.912509e+07  1.846320e+01  8.912509e+07  5.893410e-01 
 9.120108e+07  1.811397e+01  9.120108e+07  5.630809e-01 
 9.332543e+07  1.776086e+01  9.332543e+07  5.369874e-01 
 9.549926e+07  1.740393e+01  9.549926e+07  5.110607e-01 
 9.772372e+07  1.704325e+01  9.772372e+07  4.853009e-01 
 1.000000e+08  1.667887e+01  1.000000e+08  4.597076e-01 
 1.023293e+08  1.631084e+01  1.023293e+08  4.342802e-01 
 1.047129e+08  1.593923e+01  1.047129e+08  4.090178e-01 
 1.071519e+08  1.556408e+01  1.071519e+08  3.839191e-01 
 1.096478e+08  1.518543e+01  1.096478e+08  3.589828e-01 
 1.122018e+08  1.480334e+01  1.122018e+08  3.342074e-01 
 1.148154e+08  1.441785e+01  1.148154e+08  3.095913e-01 
 1.174898e+08  1.402898e+01  1.174898e+08  2.851326e-01 
 1.202264e+08  1.363678e+01  1.202264e+08  2.608295e-01 
 1.230269e+08  1.324128e+01  1.230269e+08  2.366800e-01 
 1.258925e+08  1.284251e+01  1.258925e+08  2.126823e-01 
 1.288250e+08  1.244048e+01  1.288250e+08  1.888343e-01 
 1.318257e+08  1.203523e+01  1.318257e+08  1.651343e-01 
 1.348963e+08  1.162677e+01  1.348963e+08  1.415802e-01 
 1.380384e+08  1.121512e+01  1.380384e+08  1.181703e-01 
 1.412538e+08  1.080029e+01  1.412538e+08  9.490301e-02 
 1.445440e+08  1.038229e+01  1.445440e+08  7.177666e-02 
 1.479108e+08  9.961139e+00  1.479108e+08  4.878982e-02 
 1.513561e+08  9.536836e+00  1.513561e+08  2.594123e-02 
 1.548817e+08  9.109386e+00  1.548817e+08  3.229777e-03 
 1.584893e+08  8.678792e+00  1.584893e+08 -1.934546e-02 
 1.621810e+08  8.245055e+00  1.621810e+08 -4.178520e-02 
 1.659587e+08  7.808173e+00  1.659587e+08 -6.408994e-02 
 1.698244e+08  7.368142e+00  1.698244e+08 -8.625995e-02 
 1.737801e+08  6.924959e+00  1.737801e+08 -1.082953e-01 
 1.778279e+08  6.478618e+00  1.778279e+08 -1.301957e-01 
 1.819701e+08  6.029112e+00  1.819701e+08 -1.519607e-01 
 1.862087e+08  5.576433e+00  1.862087e+08 -1.735896e-01 
 1.905461e+08  5.120572e+00  1.905461e+08 -1.950814e-01 
 1.949845e+08  4.661520e+00  1.949845e+08 -2.164348e-01 
 1.995262e+08  4.199267e+00  1.995262e+08 -2.376482e-01 
 2.041738e+08  3.733802e+00  2.041738e+08 -2.587199e-01 
 2.089296e+08  3.265116e+00  2.089296e+08 -2.796477e-01 
 2.137962e+08  2.793197e+00  2.137962e+08 -3.004292e-01 
 2.187762e+08  2.318034e+00  2.187762e+08 -3.210617e-01 
 2.238721e+08  1.839618e+00  2.238721e+08 -3.415424e-01 
 2.290868e+08  1.357939e+00  2.290868e+08 -3.618678e-01 
 2.344229e+08  8.729857e-01  2.344229e+08 -3.820347e-01 
 2.398833e+08  3.847497e-01  2.398833e+08 -4.020391e-01 
 2.454709e+08 -1.067778e-01  2.454709e+08 -4.218771e-01 
 2.511886e+08 -6.016046e-01  2.511886e+08 -4.415443e-01 
 2.570396e+08 -1.099738e+00  2.570396e+08 -4.610362e-01 
 2.630268e+08 -1.601184e+00  2.630268e+08 -4.803479e-01 
 2.691535e+08 -2.105949e+00  2.691535e+08 -4.994744e-01 
 2.754229e+08 -2.614036e+00  2.754229e+08 -5.184103e-01 
 2.818383e+08 -3.125448e+00  2.818383e+08 -5.371500e-01 
 2.884032e+08 -3.640189e+00  2.884032e+08 -5.556878e-01 
 2.951209e+08 -4.158260e+00  2.951209e+08 -5.740175e-01 
 3.019952e+08 -4.679659e+00  3.019952e+08 -5.921327e-01 
 3.090295e+08 -5.204386e+00  3.090295e+08 -6.100270e-01 
 3.162278e+08 -5.732439e+00  3.162278e+08 -6.276935e-01 
 3.235937e+08 -6.263812e+00  3.235937e+08 -6.451250e-01 
 3.311311e+08 -6.798502e+00  3.311311e+08 -6.623142e-01 
 3.388442e+08 -7.336502e+00  3.388442e+08 -6.792536e-01 
 3.467369e+08 -7.877803e+00  3.467369e+08 -6.959350e-01 
 3.548134e+08 -8.422396e+00  3.548134e+08 -7.123504e-01 
 3.630781e+08 -8.970270e+00  3.630781e+08 -7.284913e-01 
 3.715352e+08 -9.521412e+00  3.715352e+08 -7.443487e-01 
 3.801894e+08 -1.007581e+01  3.801894e+08 -7.599134e-01 
 3.890451e+08 -1.063344e+01  3.890451e+08 -7.751760e-01 
 3.981072e+08 -1.119430e+01  3.981072e+08 -7.901265e-01 
 4.073803e+08 -1.175835e+01  4.073803e+08 -8.047546e-01 
 4.168694e+08 -1.232557e+01  4.168694e+08 -8.190494e-01 
 4.265795e+08 -1.289595e+01  4.265795e+08 -8.329997e-01 
 4.365158e+08 -1.346945e+01  4.365158e+08 -8.465939e-01 
 4.466836e+08 -1.404604e+01  4.466836e+08 -8.598196e-01 
 4.570882e+08 -1.462568e+01  4.570882e+08 -8.726642e-01 
 4.677351e+08 -1.520833e+01  4.677351e+08 -8.851142e-01 
 4.786301e+08 -1.579396e+01  4.786301e+08 -8.971557e-01 
 4.897788e+08 -1.638250e+01  4.897788e+08 -9.087741e-01 
 5.011872e+08 -1.697391e+01  5.011872e+08 -9.199541e-01 
 5.128614e+08 -1.756812e+01  5.128614e+08 -9.306799e-01 
 5.248075e+08 -1.816506e+01  5.248075e+08 -9.409348e-01 
 5.370318e+08 -1.876465e+01  5.370318e+08 -9.507016e-01 
 5.495409e+08 -1.936681e+01  5.495409e+08 -9.599621e-01 
 5.623413e+08 -1.997143e+01  5.623413e+08 -9.686977e-01 
 5.754399e+08 -2.057840e+01  5.754399e+08 -9.768889e-01 
 5.888437e+08 -2.118760e+01  5.888437e+08 -9.845157e-01 
 6.025596e+08 -2.179890e+01  6.025596e+08 -9.915573e-01 
 6.165950e+08 -2.241213e+01  6.165950e+08 -9.979927e-01 
 6.309573e+08 -2.302711e+01  6.309573e+08 -1.003800e+00 
 6.456542e+08 -2.364367e+01  6.456542e+08 -1.008958e+00 
 6.606934e+08 -2.426158e+01  6.606934e+08 -1.013443e+00 
 6.760830e+08 -2.488060e+01  6.760830e+08 -1.017234e+00 
 6.918310e+08 -2.550046e+01  6.918310e+08 -1.020309e+00 
 7.079458e+08 -2.612089e+01  7.079458e+08 -1.022647e+00 
 7.244360e+08 -2.674155e+01  7.244360e+08 -1.024227e+00 
 7.413102e+08 -2.736209e+01  7.413102e+08 -1.025030e+00 
 7.585776e+08 -2.798213e+01  7.585776e+08 -1.025038e+00 
 7.762471e+08 -2.860127e+01  7.762471e+08 -1.024236e+00 
 7.943282e+08 -2.921904e+01  7.943282e+08 -1.022612e+00 
 8.128305e+08 -2.983496e+01  8.128305e+08 -1.020156e+00 
 8.317638e+08 -3.044853e+01  8.317638e+08 -1.016862e+00 
 8.511380e+08 -3.105921e+01  8.511380e+08 -1.012730e+00 
 8.709636e+08 -3.166641e+01  8.709636e+08 -1.007764e+00 
 8.912509e+08 -3.226954e+01  8.912509e+08 -1.001976e+00 
 9.120108e+08 -3.286801e+01  9.120108e+08 -9.953820e-01 
 9.332543e+08 -3.346117e+01  9.332543e+08 -9.880078e-01 
 9.549926e+08 -3.404841e+01  9.549926e+08 -9.798859e-01 
 9.772372e+08 -3.462910e+01  9.772372e+08 -9.710575e-01 
 1.000000e+09 -3.520264e+01  1.000000e+09 -9.615724e-01 
