 1.000000e+00 -7.145560e+01  1.000000e+00 -2.929167e-02 
 1.023293e+00 -7.105569e+01  1.023293e+00 -2.946742e-02 
 1.047129e+00 -7.065578e+01  1.047129e+00 -2.965879e-02 
 1.071519e+00 -7.025587e+01  1.071519e+00 -2.986588e-02 
 1.096478e+00 -6.985596e+01  1.096478e+00 -3.008878e-02 
 1.122018e+00 -6.945605e+01  1.122018e+00 -3.032764e-02 
 1.148154e+00 -6.905615e+01  1.148154e+00 -3.058256e-02 
 1.174898e+00 -6.865625e+01  1.174898e+00 -3.085368e-02 
 1.202264e+00 -6.825635e+01  1.202264e+00 -3.114115e-02 
 1.230269e+00 -6.785646e+01  1.230269e+00 -3.144511e-02 
 1.258925e+00 -6.745657e+01  1.258925e+00 -3.176573e-02 
 1.288250e+00 -6.705669e+01  1.288250e+00 -3.210318e-02 
 1.318257e+00 -6.665680e+01  1.318257e+00 -3.245764e-02 
 1.348963e+00 -6.625693e+01  1.348963e+00 -3.282928e-02 
 1.380384e+00 -6.585705e+01  1.380384e+00 -3.321832e-02 
 1.412538e+00 -6.545718e+01  1.412538e+00 -3.362494e-02 
 1.445440e+00 -6.505732e+01  1.445440e+00 -3.404937e-02 
 1.479108e+00 -6.465746e+01  1.479108e+00 -3.449183e-02 
 1.513561e+00 -6.425761e+01  1.513561e+00 -3.495256e-02 
 1.548817e+00 -6.385776e+01  1.548817e+00 -3.543179e-02 
 1.584893e+00 -6.345792e+01  1.584893e+00 -3.592978e-02 
 1.621810e+00 -6.305809e+01  1.621810e+00 -3.644678e-02 
 1.659587e+00 -6.265826e+01  1.659587e+00 -3.698308e-02 
 1.698244e+00 -6.225844e+01  1.698244e+00 -3.753896e-02 
 1.737801e+00 -6.185863e+01  1.737801e+00 -3.811470e-02 
 1.778279e+00 -6.145883e+01  1.778279e+00 -3.871061e-02 
 1.819701e+00 -6.105903e+01  1.819701e+00 -3.932700e-02 
 1.862087e+00 -6.065925e+01  1.862087e+00 -3.996420e-02 
 1.905461e+00 -6.025947e+01  1.905461e+00 -4.062254e-02 
 1.949845e+00 -5.985971e+01  1.949845e+00 -4.130236e-02 
 1.995262e+00 -5.945995e+01  1.995262e+00 -4.200403e-02 
 2.041738e+00 -5.906020e+01  2.041738e+00 -4.272791e-02 
 2.089296e+00 -5.866047e+01  2.089296e+00 -4.347438e-02 
 2.137962e+00 -5.826075e+01  2.137962e+00 -4.424383e-02 
 2.187762e+00 -5.786104e+01  2.187762e+00 -4.503667e-02 
 2.238721e+00 -5.746134e+01  2.238721e+00 -4.585331e-02 
 2.290868e+00 -5.706166e+01  2.290868e+00 -4.669417e-02 
 2.344229e+00 -5.666199e+01  2.344229e+00 -4.755970e-02 
 2.398833e+00 -5.626234e+01  2.398833e+00 -4.845036e-02 
 2.454709e+00 -5.586270e+01  2.454709e+00 -4.936659e-02 
 2.511886e+00 -5.546308e+01  2.511886e+00 -5.030889e-02 
 2.570396e+00 -5.506348e+01  2.570396e+00 -5.127775e-02 
 2.630268e+00 -5.466390e+01  2.630268e+00 -5.227367e-02 
 2.691535e+00 -5.426433e+01  2.691535e+00 -5.329716e-02 
 2.754229e+00 -5.386479e+01  2.754229e+00 -5.434877e-02 
 2.818383e+00 -5.346527e+01  2.818383e+00 -5.542904e-02 
 2.884032e+00 -5.306577e+01  2.884032e+00 -5.653853e-02 
 2.951209e+00 -5.266629e+01  2.951209e+00 -5.767781e-02 
 3.019952e+00 -5.226683e+01  3.019952e+00 -5.884749e-02 
 3.090295e+00 -5.186740e+01  3.090295e+00 -6.004816e-02 
 3.162278e+00 -5.146800e+01  3.162278e+00 -6.128045e-02 
 3.235937e+00 -5.106863e+01  3.235937e+00 -6.254499e-02 
 3.311311e+00 -5.066928e+01  3.311311e+00 -6.384244e-02 
 3.388442e+00 -5.026997e+01  3.388442e+00 -6.517347e-02 
 3.467369e+00 -4.987069e+01  3.467369e+00 -6.653876e-02 
 3.548134e+00 -4.947144e+01  3.548134e+00 -6.793902e-02 
 3.630781e+00 -4.907223e+01  3.630781e+00 -6.937497e-02 
 3.715352e+00 -4.867305e+01  3.715352e+00 -7.084734e-02 
 3.801894e+00 -4.827391e+01  3.801894e+00 -7.235690e-02 
 3.890451e+00 -4.787481e+01  3.890451e+00 -7.390440e-02 
 3.981072e+00 -4.747576e+01  3.981072e+00 -7.549066e-02 
 4.073803e+00 -4.707675e+01  4.073803e+00 -7.711646e-02 
 4.168694e+00 -4.667778e+01  4.168694e+00 -7.878265e-02 
 4.265795e+00 -4.627886e+01  4.265795e+00 -8.049008e-02 
 4.365158e+00 -4.588000e+01  4.365158e+00 -8.223960e-02 
 4.466836e+00 -4.548118e+01  4.466836e+00 -8.403210e-02 
 4.570882e+00 -4.508243e+01  4.570882e+00 -8.586849e-02 
 4.677351e+00 -4.468373e+01  4.677351e+00 -8.774970e-02 
 4.786301e+00 -4.428509e+01  4.786301e+00 -8.967668e-02 
 4.897788e+00 -4.388651e+01  4.897788e+00 -9.165039e-02 
 5.011872e+00 -4.348800e+01  5.011872e+00 -9.367181e-02 
 5.128614e+00 -4.308956e+01  5.128614e+00 -9.574197e-02 
 5.248075e+00 -4.269120e+01  5.248075e+00 -9.786189e-02 
 5.370318e+00 -4.229290e+01  5.370318e+00 -1.000326e-01 
 5.495409e+00 -4.189469e+01  5.495409e+00 -1.022552e-01 
 5.623413e+00 -4.149657e+01  5.623413e+00 -1.045309e-01 
 5.754399e+00 -4.109853e+01  5.754399e+00 -1.068606e-01 
 5.888437e+00 -4.070058e+01  5.888437e+00 -1.092455e-01 
 6.025596e+00 -4.030273e+01  6.025596e+00 -1.116869e-01 
 6.165950e+00 -3.990497e+01  6.165950e+00 -1.141859e-01 
 6.309573e+00 -3.950732e+01  6.309573e+00 -1.167437e-01 
 6.456542e+00 -3.910979e+01  6.456542e+00 -1.193615e-01 
 6.606934e+00 -3.871236e+01  6.606934e+00 -1.220407e-01 
 6.760830e+00 -3.831506e+01  6.760830e+00 -1.247824e-01 
 6.918310e+00 -3.791788e+01  6.918310e+00 -1.275880e-01 
 7.079458e+00 -3.752083e+01  7.079458e+00 -1.304589e-01 
 7.244360e+00 -3.712392e+01  7.244360e+00 -1.333963e-01 
 7.413102e+00 -3.672715e+01  7.413102e+00 -1.364016e-01 
 7.585776e+00 -3.633053e+01  7.585776e+00 -1.394763e-01 
 7.762471e+00 -3.593407e+01  7.762471e+00 -1.426218e-01 
 7.943282e+00 -3.553777e+01  7.943282e+00 -1.458394e-01 
 8.128305e+00 -3.514164e+01  8.128305e+00 -1.491308e-01 
 8.317638e+00 -3.474569e+01  8.317638e+00 -1.524973e-01 
 8.511380e+00 -3.434993e+01  8.511380e+00 -1.559405e-01 
 8.709636e+00 -3.395436e+01  8.709636e+00 -1.594619e-01 
 8.912509e+00 -3.355900e+01  8.912509e+00 -1.630631e-01 
 9.120108e+00 -3.316385e+01  9.120108e+00 -1.667456e-01 
 9.332543e+00 -3.276893e+01  9.332543e+00 -1.705110e-01 
 9.549926e+00 -3.237423e+01  9.549926e+00 -1.743611e-01 
 9.772372e+00 -3.197978e+01  9.772372e+00 -1.782973e-01 
 1.000000e+01 -3.158558e+01  1.000000e+01 -1.823214e-01 
 1.023293e+01 -3.119165e+01  1.023293e+01 -1.864350e-01 
 1.047129e+01 -3.079800e+01  1.047129e+01 -1.906399e-01 
 1.071519e+01 -3.040463e+01  1.071519e+01 -1.949376e-01 
 1.096478e+01 -3.001157e+01  1.096478e+01 -1.993300e-01 
 1.122018e+01 -2.961882e+01  1.122018e+01 -2.038188e-01 
 1.148154e+01 -2.922640e+01  1.148154e+01 -2.084057e-01 
 1.174898e+01 -2.883432e+01  1.174898e+01 -2.130925e-01 
 1.202264e+01 -2.844261e+01  1.202264e+01 -2.178809e-01 
 1.230269e+01 -2.805126e+01  1.230269e+01 -2.227727e-01 
 1.258925e+01 -2.766031e+01  1.258925e+01 -2.277697e-01 
 1.288250e+01 -2.726976e+01  1.288250e+01 -2.328737e-01 
 1.318257e+01 -2.687963e+01  1.318257e+01 -2.380864e-01 
 1.348963e+01 -2.648995e+01  1.348963e+01 -2.434095e-01 
 1.380384e+01 -2.610072e+01  1.380384e+01 -2.488450e-01 
 1.412538e+01 -2.571198e+01  1.412538e+01 -2.543945e-01 
 1.445440e+01 -2.532373e+01  1.445440e+01 -2.600598e-01 
 1.479108e+01 -2.493601e+01  1.479108e+01 -2.658426e-01 
 1.513561e+01 -2.454882e+01  1.513561e+01 -2.717446e-01 
 1.548817e+01 -2.416220e+01  1.548817e+01 -2.777676e-01 
 1.584893e+01 -2.377617e+01  1.584893e+01 -2.839132e-01 
 1.621810e+01 -2.339075e+01  1.621810e+01 -2.901831e-01 
 1.659587e+01 -2.300596e+01  1.659587e+01 -2.965788e-01 
 1.698244e+01 -2.262183e+01  1.698244e+01 -3.031020e-01 
 1.737801e+01 -2.223839e+01  1.737801e+01 -3.097541e-01 
 1.778279e+01 -2.185566e+01  1.778279e+01 -3.165368e-01 
 1.819701e+01 -2.147368e+01  1.819701e+01 -3.234513e-01 
 1.862087e+01 -2.109246e+01  1.862087e+01 -3.304992e-01 
 1.905461e+01 -2.071204e+01  1.905461e+01 -3.376817e-01 
 1.949845e+01 -2.033245e+01  1.949845e+01 -3.450000e-01 
 1.995262e+01 -1.995372e+01  1.995262e+01 -3.524554e-01 
 2.041738e+01 -1.957589e+01  2.041738e+01 -3.600489e-01 
 2.089296e+01 -1.919897e+01  2.089296e+01 -3.677816e-01 
 2.137962e+01 -1.882302e+01  2.137962e+01 -3.756544e-01 
 2.187762e+01 -1.844806e+01  2.187762e+01 -3.836681e-01 
 2.238721e+01 -1.807412e+01  2.238721e+01 -3.918234e-01 
 2.290868e+01 -1.770125e+01  2.290868e+01 -4.001209e-01 
 2.344229e+01 -1.732948e+01  2.344229e+01 -4.085612e-01 
 2.398833e+01 -1.695884e+01  2.398833e+01 -4.171445e-01 
 2.454709e+01 -1.658937e+01  2.454709e+01 -4.258712e-01 
 2.511886e+01 -1.622112e+01  2.511886e+01 -4.347413e-01 
 2.570396e+01 -1.585412e+01  2.570396e+01 -4.437548e-01 
 2.630268e+01 -1.548841e+01  2.630268e+01 -4.529115e-01 
 2.691535e+01 -1.512403e+01  2.691535e+01 -4.622109e-01 
 2.754229e+01 -1.476101e+01  2.754229e+01 -4.716527e-01 
 2.818383e+01 -1.439941e+01  2.818383e+01 -4.812361e-01 
 2.884032e+01 -1.403926e+01  2.884032e+01 -4.909602e-01 
 2.951209e+01 -1.368060e+01  2.951209e+01 -5.008239e-01 
 3.019952e+01 -1.332348e+01  3.019952e+01 -5.108261e-01 
 3.090295e+01 -1.296792e+01  3.090295e+01 -5.209654e-01 
 3.162278e+01 -1.261399e+01  3.162278e+01 -5.312400e-01 
 3.235937e+01 -1.226171e+01  3.235937e+01 -5.416482e-01 
 3.311311e+01 -1.191112e+01  3.311311e+01 -5.521879e-01 
 3.388442e+01 -1.156227e+01  3.388442e+01 -5.628570e-01 
 3.467369e+01 -1.121520e+01  3.467369e+01 -5.736529e-01 
 3.548134e+01 -1.086995e+01  3.548134e+01 -5.845732e-01 
 3.630781e+01 -1.052655e+01  3.630781e+01 -5.956148e-01 
 3.715352e+01 -1.018504e+01  3.715352e+01 -6.067747e-01 
 3.801894e+01 -9.845459e+00  3.801894e+01 -6.180498e-01 
 3.890451e+01 -9.507845e+00  3.890451e+01 -6.294366e-01 
 3.981072e+01 -9.172230e+00  3.981072e+01 -6.409313e-01 
 4.073803e+01 -8.838648e+00  4.073803e+01 -6.525302e-01 
 4.168694e+01 -8.507132e+00  4.168694e+01 -6.642293e-01 
 4.265795e+01 -8.177713e+00  4.265795e+01 -6.760242e-01 
 4.365158e+01 -7.850419e+00  4.365158e+01 -6.879107e-01 
 4.466836e+01 -7.525278e+00  4.466836e+01 -6.998842e-01 
 4.570882e+01 -7.202315e+00  4.570882e+01 -7.119400e-01 
 4.677351e+01 -6.881556e+00  4.677351e+01 -7.240733e-01 
 4.786301e+01 -6.563021e+00  4.786301e+01 -7.362790e-01 
 4.897788e+01 -6.246730e+00  4.897788e+01 -7.485521e-01 
 5.011872e+01 -5.932702e+00  5.011872e+01 -7.608874e-01 
 5.128614e+01 -5.620952e+00  5.128614e+01 -7.732795e-01 
 5.248075e+01 -5.311494e+00  5.248075e+01 -7.857232e-01 
 5.370318e+01 -5.004337e+00  5.370318e+01 -7.982129e-01 
 5.495409e+01 -4.699492e+00  5.495409e+01 -8.107432e-01 
 5.623413e+01 -4.396965e+00  5.623413e+01 -8.233085e-01 
 5.754399e+01 -4.096760e+00  5.754399e+01 -8.359034e-01 
 5.888437e+01 -3.798877e+00  5.888437e+01 -8.485222e-01 
 6.025596e+01 -3.503318e+00  6.025596e+01 -8.611595e-01 
 6.165950e+01 -3.210077e+00  6.165950e+01 -8.738098e-01 
 6.309573e+01 -2.919151e+00  6.309573e+01 -8.864676e-01 
 6.456542e+01 -2.630531e+00  6.456542e+01 -8.991275e-01 
 6.606934e+01 -2.344206e+00  6.606934e+01 -9.117844e-01 
 6.760830e+01 -2.060165e+00  6.760830e+01 -9.244328e-01 
 6.918310e+01 -1.778393e+00  6.918310e+01 -9.370679e-01 
 7.079458e+01 -1.498873e+00  7.079458e+01 -9.496845e-01 
 7.244360e+01 -1.221587e+00  7.244360e+01 -9.622779e-01 
 7.413102e+01 -9.465131e-01  7.413102e+01 -9.748435e-01 
 7.585776e+01 -6.736296e-01  7.585776e+01 -9.873766e-01 
 7.762471e+01 -4.029119e-01  7.762471e+01 -9.998730e-01 
 7.943282e+01 -1.343340e-01  7.943282e+01 -1.012329e+00 
 8.128305e+01  1.321317e-01  8.128305e+01 -1.024739e+00 
 8.317638e+01  3.965144e-01  8.317638e+01 -1.037101e+00 
 8.511380e+01  6.588443e-01  8.511380e+01 -1.049411e+00 
 8.709636e+01  9.191531e-01  8.709636e+01 -1.061666e+00 
 8.912509e+01  1.177473e+00  8.912509e+01 -1.073861e+00 
 9.120108e+01  1.433839e+00  9.120108e+01 -1.085996e+00 
 9.332543e+01  1.688285e+00  9.332543e+01 -1.098066e+00 
 9.549926e+01  1.940846e+00  9.549926e+01 -1.110069e+00 
 9.772372e+01  2.191558e+00  9.772372e+01 -1.122004e+00 
 1.000000e+02  2.440458e+00  1.000000e+02 -1.133868e+00 
 1.023293e+02  2.687583e+00  1.023293e+02 -1.145660e+00 
 1.047129e+02  2.932969e+00  1.047129e+02 -1.157378e+00 
 1.071519e+02  3.176655e+00  1.071519e+02 -1.169020e+00 
 1.096478e+02  3.418677e+00  1.096478e+02 -1.180586e+00 
 1.122018e+02  3.659073e+00  1.122018e+02 -1.192075e+00 
 1.148154e+02  3.897881e+00  1.148154e+02 -1.203487e+00 
 1.174898e+02  4.135137e+00  1.174898e+02 -1.214820e+00 
 1.202264e+02  4.370879e+00  1.202264e+02 -1.226075e+00 
 1.230269e+02  4.605142e+00  1.230269e+02 -1.237252e+00 
 1.258925e+02  4.837963e+00  1.258925e+02 -1.248351e+00 
 1.288250e+02  5.069377e+00  1.288250e+02 -1.259372e+00 
 1.318257e+02  5.299419e+00  1.318257e+02 -1.270317e+00 
 1.348963e+02  5.528123e+00  1.348963e+02 -1.281185e+00 
 1.380384e+02  5.755522e+00  1.380384e+02 -1.291978e+00 
 1.412538e+02  5.981650e+00  1.412538e+02 -1.302697e+00 
 1.445440e+02  6.206537e+00  1.445440e+02 -1.313344e+00 
 1.479108e+02  6.430216e+00  1.479108e+02 -1.323919e+00 
 1.513561e+02  6.652715e+00  1.513561e+02 -1.334425e+00 
 1.548817e+02  6.874064e+00  1.548817e+02 -1.344863e+00 
 1.584893e+02  7.094290e+00  1.584893e+02 -1.355235e+00 
 1.621810e+02  7.313422e+00  1.621810e+02 -1.365543e+00 
 1.659587e+02  7.531484e+00  1.659587e+02 -1.375790e+00 
 1.698244e+02  7.748502e+00  1.698244e+02 -1.385976e+00 
 1.737801e+02  7.964499e+00  1.737801e+02 -1.396106e+00 
 1.778279e+02  8.179497e+00  1.778279e+02 -1.406181e+00 
 1.819701e+02  8.393519e+00  1.819701e+02 -1.416204e+00 
 1.862087e+02  8.606584e+00  1.862087e+02 -1.426177e+00 
 1.905461e+02  8.818711e+00  1.905461e+02 -1.436104e+00 
 1.949845e+02  9.029918e+00  1.949845e+02 -1.445986e+00 
 1.995262e+02  9.240223e+00  1.995262e+02 -1.455828e+00 
 2.041738e+02  9.449640e+00  2.041738e+02 -1.465631e+00 
 2.089296e+02  9.658183e+00  2.089296e+02 -1.475400e+00 
 2.137962e+02  9.865865e+00  2.137962e+02 -1.485136e+00 
 2.187762e+02  1.007270e+01  2.187762e+02 -1.494843e+00 
 2.238721e+02  1.027869e+01  2.238721e+02 -1.504525e+00 
 2.290868e+02  1.048386e+01  2.290868e+02 -1.514184e+00 
 2.344229e+02  1.068821e+01  2.344229e+02 -1.523823e+00 
 2.398833e+02  1.089174e+01  2.398833e+02 -1.533447e+00 
 2.454709e+02  1.109446e+01  2.454709e+02 -1.543057e+00 
 2.511886e+02  1.129638e+01  2.511886e+02 -1.552658e+00 
 2.570396e+02  1.149749e+01  2.570396e+02 -1.562253e+00 
 2.630268e+02  1.169781e+01  2.630268e+02 -1.571845e+00 
 2.691535e+02  1.189733e+01  2.691535e+02 -1.581437e+00 
 2.754229e+02  1.209604e+01  2.754229e+02 -1.591033e+00 
 2.818383e+02  1.229396e+01  2.818383e+02 -1.600636e+00 
 2.884032e+02  1.249107e+01  2.884032e+02 -1.610249e+00 
 2.951209e+02  1.268737e+01  2.951209e+02 -1.619876e+00 
 3.019952e+02  1.288285e+01  3.019952e+02 -1.629519e+00 
 3.090295e+02  1.307751e+01  3.090295e+02 -1.639183e+00 
 3.162278e+02  1.327134e+01  3.162278e+02 -1.648870e+00 
 3.235937e+02  1.346433e+01  3.235937e+02 -1.658584e+00 
 3.311311e+02  1.365647e+01  3.311311e+02 -1.668327e+00 
 3.388442e+02  1.384775e+01  3.388442e+02 -1.678103e+00 
 3.467369e+02  1.403815e+01  3.467369e+02 -1.687915e+00 
 3.548134e+02  1.422765e+01  3.548134e+02 -1.697765e+00 
 3.630781e+02  1.441626e+01  3.630781e+02 -1.707657e+00 
 3.715352e+02  1.460394e+01  3.715352e+02 -1.717594e+00 
 3.801894e+02  1.479067e+01  3.801894e+02 -1.727578e+00 
 3.890451e+02  1.497645e+01  3.890451e+02 -1.737613e+00 
 3.981072e+02  1.516124e+01  3.981072e+02 -1.747700e+00 
 4.073803e+02  1.534504e+01  4.073803e+02 -1.757842e+00 
 4.168694e+02  1.552780e+01  4.168694e+02 -1.768042e+00 
 4.265795e+02  1.570952e+01  4.265795e+02 -1.778302e+00 
 4.365158e+02  1.589016e+01  4.365158e+02 -1.788625e+00 
 4.466836e+02  1.606970e+01  4.466836e+02 -1.799012e+00 
 4.570882e+02  1.624812e+01  4.570882e+02 -1.809465e+00 
 4.677351e+02  1.642537e+01  4.677351e+02 -1.819986e+00 
 4.786301e+02  1.660144e+01  4.786301e+02 -1.830578e+00 
 4.897788e+02  1.677630e+01  4.897788e+02 -1.841241e+00 
 5.011872e+02  1.694991e+01  5.011872e+02 -1.851977e+00 
 5.128614e+02  1.712224e+01  5.128614e+02 -1.862787e+00 
 5.248075e+02  1.729326e+01  5.248075e+02 -1.873673e+00 
 5.370318e+02  1.746294e+01  5.370318e+02 -1.884635e+00 
 5.495409e+02  1.763123e+01  5.495409e+02 -1.895674e+00 
 5.623413e+02  1.779811e+01  5.623413e+02 -1.906791e+00 
 5.754399e+02  1.796354e+01  5.754399e+02 -1.917986e+00 
 5.888437e+02  1.812749e+01  5.888437e+02 -1.929260e+00 
 6.025596e+02  1.828991e+01  6.025596e+02 -1.940611e+00 
 6.165950e+02  1.845078e+01  6.165950e+02 -1.952041e+00 
 6.309573e+02  1.861004e+01  6.309573e+02 -1.963548e+00 
 6.456542e+02  1.876768e+01  6.456542e+02 -1.975133e+00 
 6.606934e+02  1.892364e+01  6.606934e+02 -1.986793e+00 
 6.760830e+02  1.907789e+01  6.760830e+02 -1.998529e+00 
 6.918310e+02  1.923040e+01  6.918310e+02 -2.010338e+00 
 7.079458e+02  1.938113e+01  7.079458e+02 -2.022220e+00 
 7.244360e+02  1.953003e+01  7.244360e+02 -2.034172e+00 
 7.413102e+02  1.967708e+01  7.413102e+02 -2.046192e+00 
 7.585776e+02  1.982224e+01  7.585776e+02 -2.058278e+00 
 7.762471e+02  1.996546e+01  7.762471e+02 -2.070429e+00 
 7.943282e+02  2.010673e+01  7.943282e+02 -2.082640e+00 
 8.128305e+02  2.024600e+01  8.128305e+02 -2.094909e+00 
 8.317638e+02  2.038325e+01  8.317638e+02 -2.107233e+00 
 8.511380e+02  2.051843e+01  8.511380e+02 -2.119609e+00 
 8.709636e+02  2.065153e+01  8.709636e+02 -2.132033e+00 
 8.912509e+02  2.078251e+01  8.912509e+02 -2.144500e+00 
 9.120108e+02  2.091134e+01  9.120108e+02 -2.157008e+00 
 9.332543e+02  2.103800e+01  9.332543e+02 -2.169552e+00 
 9.549926e+02  2.116247e+01  9.549926e+02 -2.182127e+00 
 9.772372e+02  2.128472e+01  9.772372e+02 -2.194730e+00 
 1.000000e+03  2.140473e+01  1.000000e+03 -2.207354e+00 
 1.023293e+03  2.152248e+01  1.023293e+03 -2.219997e+00 
 1.047129e+03  2.163797e+01  1.047129e+03 -2.232651e+00 
 1.071519e+03  2.175116e+01  1.071519e+03 -2.245313e+00 
 1.096478e+03  2.186206e+01  1.096478e+03 -2.257978e+00 
 1.122018e+03  2.197065e+01  1.122018e+03 -2.270639e+00 
 1.148154e+03  2.207693e+01  1.148154e+03 -2.283291e+00 
 1.174898e+03  2.218089e+01  1.174898e+03 -2.295930e+00 
 1.202264e+03  2.228252e+01  1.202264e+03 -2.308549e+00 
 1.230269e+03  2.238183e+01  1.230269e+03 -2.321143e+00 
 1.258925e+03  2.247882e+01  1.258925e+03 -2.333706e+00 
 1.288250e+03  2.257349e+01  1.288250e+03 -2.346234e+00 
 1.318257e+03  2.266585e+01  1.318257e+03 -2.358719e+00 
 1.348963e+03  2.275591e+01  1.348963e+03 -2.371158e+00 
 1.380384e+03  2.284369e+01  1.380384e+03 -2.383544e+00 
 1.412538e+03  2.292919e+01  1.412538e+03 -2.395873e+00 
 1.445440e+03  2.301243e+01  1.445440e+03 -2.408138e+00 
 1.479108e+03  2.309342e+01  1.479108e+03 -2.420335e+00 
 1.513561e+03  2.317220e+01  1.513561e+03 -2.432458e+00 
 1.548817e+03  2.324878e+01  1.548817e+03 -2.444504e+00 
 1.584893e+03  2.332319e+01  1.584893e+03 -2.456466e+00 
 1.621810e+03  2.339545e+01  1.621810e+03 -2.468340e+00 
 1.659587e+03  2.346559e+01  1.659587e+03 -2.480122e+00 
 1.698244e+03  2.353364e+01  1.698244e+03 -2.491807e+00 
 1.737801e+03  2.359963e+01  1.737801e+03 -2.503392e+00 
 1.778279e+03  2.366360e+01  1.778279e+03 -2.514872e+00 
 1.819701e+03  2.372557e+01  1.819701e+03 -2.526243e+00 
 1.862087e+03  2.378559e+01  1.862087e+03 -2.537502e+00 
 1.905461e+03  2.384368e+01  1.905461e+03 -2.548645e+00 
 1.949845e+03  2.389989e+01  1.949845e+03 -2.559669e+00 
 1.995262e+03  2.395425e+01  1.995262e+03 -2.570572e+00 
 2.041738e+03  2.400681e+01  2.041738e+03 -2.581350e+00 
 2.089296e+03  2.405759e+01  2.089296e+03 -2.592001e+00 
 2.137962e+03  2.410665e+01  2.137962e+03 -2.602522e+00 
 2.187762e+03  2.415402e+01  2.187762e+03 -2.612911e+00 
 2.238721e+03  2.419974e+01  2.238721e+03 -2.623167e+00 
 2.290868e+03  2.424386e+01  2.290868e+03 -2.633287e+00 
 2.344229e+03  2.428641e+01  2.344229e+03 -2.643270e+00 
 2.398833e+03  2.432744e+01  2.398833e+03 -2.653114e+00 
 2.454709e+03  2.436698e+01  2.454709e+03 -2.662819e+00 
 2.511886e+03  2.440508e+01  2.511886e+03 -2.672383e+00 
 2.570396e+03  2.444178e+01  2.570396e+03 -2.681806e+00 
 2.630268e+03  2.447712e+01  2.630268e+03 -2.691086e+00 
 2.691535e+03  2.451113e+01  2.691535e+03 -2.700224e+00 
 2.754229e+03  2.454387e+01  2.754229e+03 -2.709219e+00 
 2.818383e+03  2.457536e+01  2.818383e+03 -2.718071e+00 
 2.884032e+03  2.460565e+01  2.884032e+03 -2.726779e+00 
 2.951209e+03  2.463477e+01  2.951209e+03 -2.735345e+00 
 3.019952e+03  2.466276e+01  3.019952e+03 -2.743768e+00 
 3.090295e+03  2.468966e+01  3.090295e+03 -2.752048e+00 
 3.162278e+03  2.471551e+01  3.162278e+03 -2.760187e+00 
 3.235937e+03  2.474034e+01  3.235937e+03 -2.768185e+00 
 3.311311e+03  2.476418e+01  3.311311e+03 -2.776042e+00 
 3.388442e+03  2.478707e+01  3.388442e+03 -2.783759e+00 
 3.467369e+03  2.480905e+01  3.467369e+03 -2.791338e+00 
 3.548134e+03  2.483014e+01  3.548134e+03 -2.798779e+00 
 3.630781e+03  2.485037e+01  3.630781e+03 -2.806084e+00 
 3.715352e+03  2.486978e+01  3.715352e+03 -2.813254e+00 
 3.801894e+03  2.488840e+01  3.801894e+03 -2.820289e+00 
 3.890451e+03  2.490626e+01  3.890451e+03 -2.827192e+00 
 3.981072e+03  2.492338e+01  3.981072e+03 -2.833964e+00 
 4.073803e+03  2.493979e+01  4.073803e+03 -2.840606e+00 
 4.168694e+03  2.495553e+01  4.168694e+03 -2.847119e+00 
 4.265795e+03  2.497061e+01  4.265795e+03 -2.853506e+00 
 4.365158e+03  2.498505e+01  4.365158e+03 -2.859768e+00 
 4.466836e+03  2.499890e+01  4.466836e+03 -2.865906e+00 
 4.570882e+03  2.501216e+01  4.570882e+03 -2.871923e+00 
 4.677351e+03  2.502486e+01  4.677351e+03 -2.877819e+00 
 4.786301e+03  2.503702e+01  4.786301e+03 -2.883597e+00 
 4.897788e+03  2.504867e+01  4.897788e+03 -2.889258e+00 
 5.011872e+03  2.505982e+01  5.011872e+03 -2.894804e+00 
 5.128614e+03  2.507050e+01  5.128614e+03 -2.900237e+00 
 5.248075e+03  2.508072e+01  5.248075e+03 -2.905559e+00 
 5.370318e+03  2.509051e+01  5.370318e+03 -2.910771e+00 
 5.495409e+03  2.509987e+01  5.495409e+03 -2.915875e+00 
 5.623413e+03  2.510883e+01  5.623413e+03 -2.920873e+00 
 5.754399e+03  2.511741e+01  5.754399e+03 -2.925767e+00 
 5.888437e+03  2.512561e+01  5.888437e+03 -2.930558e+00 
 6.025596e+03  2.513347e+01  6.025596e+03 -2.935249e+00 
 6.165950e+03  2.514098e+01  6.165950e+03 -2.939841e+00 
 6.309573e+03  2.514816e+01  6.309573e+03 -2.944335e+00 
 6.456542e+03  2.515503e+01  6.456542e+03 -2.948734e+00 
 6.606934e+03  2.516161e+01  6.606934e+03 -2.953040e+00 
 6.760830e+03  2.516789e+01  6.760830e+03 -2.957253e+00 
 6.918310e+03  2.517390e+01  6.918310e+03 -2.961377e+00 
 7.079458e+03  2.517965e+01  7.079458e+03 -2.965412e+00 
 7.244360e+03  2.518515e+01  7.244360e+03 -2.969360e+00 
 7.413102e+03  2.519041e+01  7.413102e+03 -2.973223e+00 
 7.585776e+03  2.519543e+01  7.585776e+03 -2.977002e+00 
 7.762471e+03  2.520024e+01  7.762471e+03 -2.980699e+00 
 7.943282e+03  2.520483e+01  7.943282e+03 -2.984317e+00 
 8.128305e+03  2.520922e+01  8.128305e+03 -2.987855e+00 
 8.317638e+03  2.521342e+01  8.317638e+03 -2.991317e+00 
 8.511380e+03  2.521743e+01  8.511380e+03 -2.994702e+00 
 8.709636e+03  2.522127e+01  8.709636e+03 -2.998014e+00 
 8.912509e+03  2.522494e+01  8.912509e+03 -3.001253e+00 
 9.120108e+03  2.522844e+01  9.120108e+03 -3.004422e+00 
 9.332543e+03  2.523179e+01  9.332543e+03 -3.007520e+00 
 9.549926e+03  2.523499e+01  9.549926e+03 -3.010551e+00 
 9.772372e+03  2.523805e+01  9.772372e+03 -3.013515e+00 
 1.000000e+04  2.524097e+01  1.000000e+04 -3.016413e+00 
 1.023293e+04  2.524376e+01  1.023293e+04 -3.019248e+00 
 1.047129e+04  2.524643e+01  1.047129e+04 -3.022019e+00 
 1.071519e+04  2.524898e+01  1.071519e+04 -3.024730e+00 
 1.096478e+04  2.525142e+01  1.096478e+04 -3.027380e+00 
 1.122018e+04  2.525375e+01  1.122018e+04 -3.029972e+00 
 1.148154e+04  2.525598e+01  1.148154e+04 -3.032507e+00 
 1.174898e+04  2.525810e+01  1.174898e+04 -3.034985e+00 
 1.202264e+04  2.526013e+01  1.202264e+04 -3.037408e+00 
 1.230269e+04  2.526207e+01  1.230269e+04 -3.039777e+00 
 1.258925e+04  2.526393e+01  1.258925e+04 -3.042093e+00 
 1.288250e+04  2.526570e+01  1.288250e+04 -3.044358e+00 
 1.318257e+04  2.526739e+01  1.318257e+04 -3.046573e+00 
 1.348963e+04  2.526901e+01  1.348963e+04 -3.048738e+00 
 1.380384e+04  2.527055e+01  1.380384e+04 -3.050855e+00 
 1.412538e+04  2.527203e+01  1.412538e+04 -3.052925e+00 
 1.445440e+04  2.527344e+01  1.445440e+04 -3.054948e+00 
 1.479108e+04  2.527479e+01  1.479108e+04 -3.056927e+00 
 1.513561e+04  2.527607e+01  1.513561e+04 -3.058861e+00 
 1.548817e+04  2.527730e+01  1.548817e+04 -3.060752e+00 
 1.584893e+04  2.527848e+01  1.584893e+04 -3.062601e+00 
 1.621810e+04  2.527960e+01  1.621810e+04 -3.064409e+00 
 1.659587e+04  2.528067e+01  1.659587e+04 -3.066176e+00 
 1.698244e+04  2.528169e+01  1.698244e+04 -3.067904e+00 
 1.737801e+04  2.528267e+01  1.737801e+04 -3.069593e+00 
 1.778279e+04  2.528360e+01  1.778279e+04 -3.071245e+00 
 1.819701e+04  2.528450e+01  1.819701e+04 -3.072860e+00 
 1.862087e+04  2.528535e+01  1.862087e+04 -3.074439e+00 
 1.905461e+04  2.528616e+01  1.905461e+04 -3.075982e+00 
 1.949845e+04  2.528694e+01  1.949845e+04 -3.077491e+00 
 1.995262e+04  2.528768e+01  1.995262e+04 -3.078966e+00 
 2.041738e+04  2.528839e+01  2.041738e+04 -3.080409e+00 
 2.089296e+04  2.528907e+01  2.089296e+04 -3.081819e+00 
 2.137962e+04  2.528971e+01  2.137962e+04 -3.083198e+00 
 2.187762e+04  2.529033e+01  2.187762e+04 -3.084546e+00 
 2.238721e+04  2.529092e+01  2.238721e+04 -3.085865e+00 
 2.290868e+04  2.529148e+01  2.290868e+04 -3.087153e+00 
 2.344229e+04  2.529202e+01  2.344229e+04 -3.088414e+00 
 2.398833e+04  2.529254e+01  2.398833e+04 -3.089646e+00 
 2.454709e+04  2.529303e+01  2.454709e+04 -3.090851e+00 
 2.511886e+04  2.529350e+01  2.511886e+04 -3.092029e+00 
 2.570396e+04  2.529395e+01  2.570396e+04 -3.093181e+00 
 2.630268e+04  2.529437e+01  2.630268e+04 -3.094307e+00 
 2.691535e+04  2.529478e+01  2.691535e+04 -3.095409e+00 
 2.754229e+04  2.529517e+01  2.754229e+04 -3.096486e+00 
 2.818383e+04  2.529554e+01  2.818383e+04 -3.097539e+00 
 2.884032e+04  2.529590e+01  2.884032e+04 -3.098569e+00 
 2.951209e+04  2.529624e+01  2.951209e+04 -3.099576e+00 
 3.019952e+04  2.529657e+01  3.019952e+04 -3.100562e+00 
 3.090295e+04  2.529688e+01  3.090295e+04 -3.101525e+00 
 3.162278e+04  2.529717e+01  3.162278e+04 -3.102468e+00 
 3.235937e+04  2.529745e+01  3.235937e+04 -3.103389e+00 
 3.311311e+04  2.529772e+01  3.311311e+04 -3.104291e+00 
 3.388442e+04  2.529798e+01  3.388442e+04 -3.105173e+00 
 3.467369e+04  2.529823e+01  3.467369e+04 -3.106035e+00 
 3.548134e+04  2.529846e+01  3.548134e+04 -3.106879e+00 
 3.630781e+04  2.529869e+01  3.630781e+04 -3.107704e+00 
 3.715352e+04  2.529890e+01  3.715352e+04 -3.108512e+00 
 3.801894e+04  2.529911e+01  3.801894e+04 -3.109302e+00 
 3.890451e+04  2.529930e+01  3.890451e+04 -3.110075e+00 
 3.981072e+04  2.529949e+01  3.981072e+04 -3.110831e+00 
 4.073803e+04  2.529967e+01  4.073803e+04 -3.111571e+00 
 4.168694e+04  2.529984e+01  4.168694e+04 -3.112295e+00 
 4.265795e+04  2.530000e+01  4.265795e+04 -3.113004e+00 
 4.365158e+04  2.530016e+01  4.365158e+04 -3.113697e+00 
 4.466836e+04  2.530031e+01  4.466836e+04 -3.114376e+00 
 4.570882e+04  2.530045e+01  4.570882e+04 -3.115040e+00 
 4.677351e+04  2.530058e+01  4.677351e+04 -3.115691e+00 
 4.786301e+04  2.530071e+01  4.786301e+04 -3.116327e+00 
 4.897788e+04  2.530084e+01  4.897788e+04 -3.116950e+00 
 5.011872e+04  2.530095e+01  5.011872e+04 -3.117560e+00 
 5.128614e+04  2.530107e+01  5.128614e+04 -3.118158e+00 
 5.248075e+04  2.530117e+01  5.248075e+04 -3.118743e+00 
 5.370318e+04  2.530128e+01  5.370318e+04 -3.119316e+00 
 5.495409e+04  2.530138e+01  5.495409e+04 -3.119877e+00 
 5.623413e+04  2.530147e+01  5.623413e+04 -3.120426e+00 
 5.754399e+04  2.530156e+01  5.754399e+04 -3.120965e+00 
 5.888437e+04  2.530164e+01  5.888437e+04 -3.121492e+00 
 6.025596e+04  2.530173e+01  6.025596e+04 -3.122009e+00 
 6.165950e+04  2.530180e+01  6.165950e+04 -3.122516e+00 
 6.309573e+04  2.530188e+01  6.309573e+04 -3.123012e+00 
 6.456542e+04  2.530195e+01  6.456542e+04 -3.123499e+00 
 6.606934e+04  2.530202e+01  6.606934e+04 -3.123975e+00 
 6.760830e+04  2.530208e+01  6.760830e+04 -3.124443e+00 
 6.918310e+04  2.530214e+01  6.918310e+04 -3.124902e+00 
 7.079458e+04  2.530220e+01  7.079458e+04 -3.125351e+00 
 7.244360e+04  2.530226e+01  7.244360e+04 -3.125792e+00 
 7.413102e+04  2.530231e+01  7.413102e+04 -3.126225e+00 
 7.585776e+04  2.530236e+01  7.585776e+04 -3.126650e+00 
 7.762471e+04  2.530241e+01  7.762471e+04 -3.127066e+00 
 7.943282e+04  2.530246e+01  7.943282e+04 -3.127475e+00 
 8.128305e+04  2.530250e+01  8.128305e+04 -3.127877e+00 
 8.317638e+04  2.530255e+01  8.317638e+04 -3.128271e+00 
 8.511380e+04  2.530259e+01  8.511380e+04 -3.128658e+00 
 8.709636e+04  2.530263e+01  8.709636e+04 -3.129038e+00 
 8.912509e+04  2.530266e+01  8.912509e+04 -3.129412e+00 
 9.120108e+04  2.530270e+01  9.120108e+04 -3.129779e+00 
 9.332543e+04  2.530273e+01  9.332543e+04 -3.130140e+00 
 9.549926e+04  2.530276e+01  9.549926e+04 -3.130495e+00 
 9.772372e+04  2.530279e+01  9.772372e+04 -3.130844e+00 
 1.000000e+05  2.530282e+01  1.000000e+05 -3.131187e+00 
 1.023293e+05  2.530285e+01  1.023293e+05 -3.131525e+00 
 1.047129e+05  2.530288e+01  1.047129e+05 -3.131857e+00 
 1.071519e+05  2.530290e+01  1.071519e+05 -3.132184e+00 
 1.096478e+05  2.530293e+01  1.096478e+05 -3.132507e+00 
 1.122018e+05  2.530295e+01  1.122018e+05 -3.132824e+00 
 1.148154e+05  2.530297e+01  1.148154e+05 -3.133137e+00 
 1.174898e+05  2.530299e+01  1.174898e+05 -3.133445e+00 
 1.202264e+05  2.530301e+01  1.202264e+05 -3.133749e+00 
 1.230269e+05  2.530303e+01  1.230269e+05 -3.134049e+00 
 1.258925e+05  2.530305e+01  1.258925e+05 -3.134345e+00 
 1.288250e+05  2.530307e+01  1.288250e+05 -3.134637e+00 
 1.318257e+05  2.530308e+01  1.318257e+05 -3.134925e+00 
 1.348963e+05  2.530310e+01  1.348963e+05 -3.135210e+00 
 1.380384e+05  2.530312e+01  1.380384e+05 -3.135491e+00 
 1.412538e+05  2.530313e+01  1.412538e+05 -3.135770e+00 
 1.445440e+05  2.530314e+01  1.445440e+05 -3.136045e+00 
 1.479108e+05  2.530316e+01  1.479108e+05 -3.136317e+00 
 1.513561e+05  2.530317e+01  1.513561e+05 -3.136586e+00 
 1.548817e+05  2.530318e+01  1.548817e+05 -3.136853e+00 
 1.584893e+05  2.530319e+01  1.584893e+05 -3.137117e+00 
 1.621810e+05  2.530320e+01  1.621810e+05 -3.137379e+00 
 1.659587e+05  2.530321e+01  1.659587e+05 -3.137638e+00 
 1.698244e+05  2.530322e+01  1.698244e+05 -3.137896e+00 
 1.737801e+05  2.530323e+01  1.737801e+05 -3.138151e+00 
 1.778279e+05  2.530324e+01  1.778279e+05 -3.138405e+00 
 1.819701e+05  2.530324e+01  1.819701e+05 -3.138657e+00 
 1.862087e+05  2.530325e+01  1.862087e+05 -3.138908e+00 
 1.905461e+05  2.530326e+01  1.905461e+05 -3.139157e+00 
 1.949845e+05  2.530326e+01  1.949845e+05 -3.139404e+00 
 1.995262e+05  2.530327e+01  1.995262e+05 -3.139651e+00 
 2.041738e+05  2.530328e+01  2.041738e+05 -3.139896e+00 
 2.089296e+05  2.530328e+01  2.089296e+05 -3.140141e+00 
 2.137962e+05  2.530329e+01  2.137962e+05 -3.140385e+00 
 2.187762e+05  2.530329e+01  2.187762e+05 -3.140628e+00 
 2.238721e+05  2.530329e+01  2.238721e+05 -3.140871e+00 
 2.290868e+05  2.530330e+01  2.290868e+05 -3.141113e+00 
 2.344229e+05  2.530330e+01  2.344229e+05 -3.141355e+00 
 2.398833e+05  2.530330e+01  2.398833e+05  3.141588e+00 
 2.454709e+05  2.530331e+01  2.454709e+05  3.141346e+00 
 2.511886e+05  2.530331e+01  2.511886e+05  3.141104e+00 
 2.570396e+05  2.530331e+01  2.570396e+05  3.140862e+00 
 2.630268e+05  2.530331e+01  2.630268e+05  3.140619e+00 
 2.691535e+05  2.530331e+01  2.691535e+05  3.140376e+00 
 2.754229e+05  2.530331e+01  2.754229e+05  3.140132e+00 
 2.818383e+05  2.530331e+01  2.818383e+05  3.139887e+00 
 2.884032e+05  2.530331e+01  2.884032e+05  3.139641e+00 
 2.951209e+05  2.530331e+01  2.951209e+05  3.139395e+00 
 3.019952e+05  2.530331e+01  3.019952e+05  3.139147e+00 
 3.090295e+05  2.530331e+01  3.090295e+05  3.138898e+00 
 3.162278e+05  2.530331e+01  3.162278e+05  3.138648e+00 
 3.235937e+05  2.530331e+01  3.235937e+05  3.138395e+00 
 3.311311e+05  2.530331e+01  3.311311e+05  3.138142e+00 
 3.388442e+05  2.530331e+01  3.388442e+05  3.137886e+00 
 3.467369e+05  2.530331e+01  3.467369e+05  3.137629e+00 
 3.548134e+05  2.530330e+01  3.548134e+05  3.137369e+00 
 3.630781e+05  2.530330e+01  3.630781e+05  3.137107e+00 
 3.715352e+05  2.530330e+01  3.715352e+05  3.136843e+00 
 3.801894e+05  2.530329e+01  3.801894e+05  3.136576e+00 
 3.890451e+05  2.530329e+01  3.890451e+05  3.136306e+00 
 3.981072e+05  2.530329e+01  3.981072e+05  3.136034e+00 
 4.073803e+05  2.530328e+01  4.073803e+05  3.135759e+00 
 4.168694e+05  2.530328e+01  4.168694e+05  3.135481e+00 
 4.265795e+05  2.530327e+01  4.265795e+05  3.135199e+00 
 4.365158e+05  2.530327e+01  4.365158e+05  3.134914e+00 
 4.466836e+05  2.530326e+01  4.466836e+05  3.134626e+00 
 4.570882e+05  2.530325e+01  4.570882e+05  3.134334e+00 
 4.677351e+05  2.530325e+01  4.677351e+05  3.134038e+00 
 4.786301e+05  2.530324e+01  4.786301e+05  3.133738e+00 
 4.897788e+05  2.530323e+01  4.897788e+05  3.133433e+00 
 5.011872e+05  2.530322e+01  5.011872e+05  3.133125e+00 
 5.128614e+05  2.530321e+01  5.128614e+05  3.132812e+00 
 5.248075e+05  2.530320e+01  5.248075e+05  3.132494e+00 
 5.370318e+05  2.530319e+01  5.370318e+05  3.132172e+00 
 5.495409e+05  2.530318e+01  5.495409e+05  3.131844e+00 
 5.623413e+05  2.530317e+01  5.623413e+05  3.131512e+00 
 5.754399e+05  2.530316e+01  5.754399e+05  3.131174e+00 
 5.888437e+05  2.530315e+01  5.888437e+05  3.130830e+00 
 6.025596e+05  2.530313e+01  6.025596e+05  3.130481e+00 
 6.165950e+05  2.530312e+01  6.165950e+05  3.130126e+00 
 6.309573e+05  2.530310e+01  6.309573e+05  3.129765e+00 
 6.456542e+05  2.530309e+01  6.456542e+05  3.129397e+00 
 6.606934e+05  2.530307e+01  6.606934e+05  3.129023e+00 
 6.760830e+05  2.530306e+01  6.760830e+05  3.128643e+00 
 6.918310e+05  2.530304e+01  6.918310e+05  3.128255e+00 
 7.079458e+05  2.530302e+01  7.079458e+05  3.127861e+00 
 7.244360e+05  2.530300e+01  7.244360e+05  3.127459e+00 
 7.413102e+05  2.530298e+01  7.413102e+05  3.127050e+00 
 7.585776e+05  2.530296e+01  7.585776e+05  3.126633e+00 
 7.762471e+05  2.530293e+01  7.762471e+05  3.126208e+00 
 7.943282e+05  2.530291e+01  7.943282e+05  3.125775e+00 
 8.128305e+05  2.530289e+01  8.128305e+05  3.125333e+00 
 8.317638e+05  2.530286e+01  8.317638e+05  3.124883e+00 
 8.511380e+05  2.530283e+01  8.511380e+05  3.124424e+00 
 8.709636e+05  2.530280e+01  8.709636e+05  3.123956e+00 
 8.912509e+05  2.530277e+01  8.912509e+05  3.123479e+00 
 9.120108e+05  2.530274e+01  9.120108e+05  3.122992e+00 
 9.332543e+05  2.530271e+01  9.332543e+05  3.122495e+00 
 9.549926e+05  2.530267e+01  9.549926e+05  3.121988e+00 
 9.772372e+05  2.530264e+01  9.772372e+05  3.121470e+00 
 1.000000e+06  2.530260e+01  1.000000e+06  3.120942e+00 
 1.023293e+06  2.530256e+01  1.023293e+06  3.120403e+00 
 1.047129e+06  2.530252e+01  1.047129e+06  3.119853e+00 
 1.071519e+06  2.530247e+01  1.071519e+06  3.119291e+00 
 1.096478e+06  2.530243e+01  1.096478e+06  3.118718e+00 
 1.122018e+06  2.530238e+01  1.122018e+06  3.118132e+00 
 1.148154e+06  2.530233e+01  1.148154e+06  3.117534e+00 
 1.174898e+06  2.530227e+01  1.174898e+06  3.116923e+00 
 1.202264e+06  2.530222e+01  1.202264e+06  3.116299e+00 
 1.230269e+06  2.530216e+01  1.230269e+06  3.115662e+00 
 1.258925e+06  2.530210e+01  1.258925e+06  3.115011e+00 
 1.288250e+06  2.530203e+01  1.288250e+06  3.114346e+00 
 1.318257e+06  2.530197e+01  1.318257e+06  3.113666e+00 
 1.348963e+06  2.530190e+01  1.348963e+06  3.112971e+00 
 1.380384e+06  2.530182e+01  1.380384e+06  3.112262e+00 
 1.412538e+06  2.530175e+01  1.412538e+06  3.111537e+00 
 1.445440e+06  2.530167e+01  1.445440e+06  3.110796e+00 
 1.479108e+06  2.530158e+01  1.479108e+06  3.110038e+00 
 1.513561e+06  2.530149e+01  1.513561e+06  3.109264e+00 
 1.548817e+06  2.530140e+01  1.548817e+06  3.108473e+00 
 1.584893e+06  2.530130e+01  1.584893e+06  3.107664e+00 
 1.621810e+06  2.530120e+01  1.621810e+06  3.106837e+00 
 1.659587e+06  2.530110e+01  1.659587e+06  3.105992e+00 
 1.698244e+06  2.530099e+01  1.698244e+06  3.105128e+00 
 1.737801e+06  2.530087e+01  1.737801e+06  3.104245e+00 
 1.778279e+06  2.530075e+01  1.778279e+06  3.103342e+00 
 1.819701e+06  2.530062e+01  1.819701e+06  3.102418e+00 
 1.862087e+06  2.530049e+01  1.862087e+06  3.101474e+00 
 1.905461e+06  2.530034e+01  1.905461e+06  3.100508e+00 
 1.949845e+06  2.530020e+01  1.949845e+06  3.099521e+00 
 1.995262e+06  2.530004e+01  1.995262e+06  3.098512e+00 
 2.041738e+06  2.529988e+01  2.041738e+06  3.097480e+00 
 2.089296e+06  2.529972e+01  2.089296e+06  3.096424e+00 
 2.137962e+06  2.529954e+01  2.137962e+06  3.095344e+00 
 2.187762e+06  2.529935e+01  2.187762e+06  3.094240e+00 
 2.238721e+06  2.529916e+01  2.238721e+06  3.093111e+00 
 2.290868e+06  2.529896e+01  2.290868e+06  3.091956e+00 
 2.344229e+06  2.529875e+01  2.344229e+06  3.090775e+00 
 2.398833e+06  2.529852e+01  2.398833e+06  3.089567e+00 
 2.454709e+06  2.529829e+01  2.454709e+06  3.088331e+00 
 2.511886e+06  2.529805e+01  2.511886e+06  3.087068e+00 
 2.570396e+06  2.529779e+01  2.570396e+06  3.085775e+00 
 2.630268e+06  2.529753e+01  2.630268e+06  3.084453e+00 
 2.691535e+06  2.529725e+01  2.691535e+06  3.083100e+00 
 2.754229e+06  2.529695e+01  2.754229e+06  3.081717e+00 
 2.818383e+06  2.529665e+01  2.818383e+06  3.080302e+00 
 2.884032e+06  2.529633e+01  2.884032e+06  3.078855e+00 
 2.951209e+06  2.529599e+01  2.951209e+06  3.077374e+00 
 3.019952e+06  2.529564e+01  3.019952e+06  3.075859e+00 
 3.090295e+06  2.529527e+01  3.090295e+06  3.074310e+00 
 3.162278e+06  2.529488e+01  3.162278e+06  3.072725e+00 
 3.235937e+06  2.529448e+01  3.235937e+06  3.071103e+00 
 3.311311e+06  2.529406e+01  3.311311e+06  3.069444e+00 
 3.388442e+06  2.529361e+01  3.388442e+06  3.067748e+00 
 3.467369e+06  2.529315e+01  3.467369e+06  3.066012e+00 
 3.548134e+06  2.529267e+01  3.548134e+06  3.064236e+00 
 3.630781e+06  2.529216e+01  3.630781e+06  3.062419e+00 
 3.715352e+06  2.529162e+01  3.715352e+06  3.060560e+00 
 3.801894e+06  2.529107e+01  3.801894e+06  3.058659e+00 
 3.890451e+06  2.529048e+01  3.890451e+06  3.056714e+00 
 3.981072e+06  2.528987e+01  3.981072e+06  3.054723e+00 
 4.073803e+06  2.528923e+01  4.073803e+06  3.052688e+00 
 4.168694e+06  2.528856e+01  4.168694e+06  3.050605e+00 
 4.265795e+06  2.528786e+01  4.265795e+06  3.048474e+00 
 4.365158e+06  2.528713e+01  4.365158e+06  3.046294e+00 
 4.466836e+06  2.528636e+01  4.466836e+06  3.044063e+00 
 4.570882e+06  2.528555e+01  4.570882e+06  3.041781e+00 
 4.677351e+06  2.528471e+01  4.677351e+06  3.039447e+00 
 4.786301e+06  2.528383e+01  4.786301e+06  3.037058e+00 
 4.897788e+06  2.528290e+01  4.897788e+06  3.034615e+00 
 5.011872e+06  2.528194e+01  5.011872e+06  3.032115e+00 
 5.128614e+06  2.528092e+01  5.128614e+06  3.029557e+00 
 5.248075e+06  2.527986e+01  5.248075e+06  3.026941e+00 
 5.370318e+06  2.527875e+01  5.370318e+06  3.024264e+00 
 5.495409e+06  2.527759e+01  5.495409e+06  3.021525e+00 
 5.623413e+06  2.527637e+01  5.623413e+06  3.018723e+00 
 5.754399e+06  2.527510e+01  5.754399e+06  3.015857e+00 
 5.888437e+06  2.527376e+01  5.888437e+06  3.012924e+00 
 6.025596e+06  2.527237e+01  6.025596e+06  3.009924e+00 
 6.165950e+06  2.527090e+01  6.165950e+06  3.006854e+00 
 6.309573e+06  2.526937e+01  6.309573e+06  3.003714e+00 
 6.456542e+06  2.526777e+01  6.456542e+06  3.000501e+00 
 6.606934e+06  2.526609e+01  6.606934e+06  2.997214e+00 
 6.760830e+06  2.526433e+01  6.760830e+06  2.993852e+00 
 6.918310e+06  2.526250e+01  6.918310e+06  2.990412e+00 
 7.079458e+06  2.526057e+01  7.079458e+06  2.986893e+00 
 7.244360e+06  2.525855e+01  7.244360e+06  2.983292e+00 
 7.413102e+06  2.525644e+01  7.413102e+06  2.979609e+00 
 7.585776e+06  2.525424e+01  7.585776e+06  2.975841e+00 
 7.762471e+06  2.525192e+01  7.762471e+06  2.971987e+00 
 7.943282e+06  2.524950e+01  7.943282e+06  2.968044e+00 
 8.128305e+06  2.524697e+01  8.128305e+06  2.964010e+00 
 8.317638e+06  2.524432e+01  8.317638e+06  2.959884e+00 
 8.511380e+06  2.524154e+01  8.511380e+06  2.955663e+00 
 8.709636e+06  2.523863e+01  8.709636e+06  2.951345e+00 
 8.912509e+06  2.523559e+01  8.912509e+06  2.946928e+00 
 9.120108e+06  2.523241e+01  9.120108e+06  2.942410e+00 
 9.332543e+06  2.522908e+01  9.332543e+06  2.937788e+00 
 9.549926e+06  2.522559e+01  9.549926e+06  2.933061e+00 
 9.772372e+06  2.522194e+01  9.772372e+06  2.928225e+00 
 1.000000e+07  2.521812e+01  1.000000e+07  2.923279e+00 
 1.023293e+07  2.521412e+01  1.023293e+07  2.918220e+00 
 1.047129e+07  2.520993e+01  1.047129e+07  2.913046e+00 
 1.071519e+07  2.520555e+01  1.071519e+07  2.907753e+00 
 1.096478e+07  2.520097e+01  1.096478e+07  2.902340e+00 
 1.122018e+07  2.519617e+01  1.122018e+07  2.896804e+00 
 1.148154e+07  2.519115e+01  1.148154e+07  2.891142e+00 
 1.174898e+07  2.518590e+01  1.174898e+07  2.885351e+00 
 1.202264e+07  2.518040e+01  1.202264e+07  2.879429e+00 
 1.230269e+07  2.517465e+01  1.230269e+07  2.873373e+00 
 1.258925e+07  2.516863e+01  1.258925e+07  2.867180e+00 
 1.288250e+07  2.516233e+01  1.288250e+07  2.860846e+00 
 1.318257e+07  2.515574e+01  1.318257e+07  2.854370e+00 
 1.348963e+07  2.514885e+01  1.348963e+07  2.847748e+00 
 1.380384e+07  2.514164e+01  1.380384e+07  2.840976e+00 
 1.412538e+07  2.513409e+01  1.412538e+07  2.834053e+00 
 1.445440e+07  2.512620e+01  1.445440e+07  2.826974e+00 
 1.479108e+07  2.511795e+01  1.479108e+07  2.819736e+00 
 1.513561e+07  2.510931e+01  1.513561e+07  2.812337e+00 
 1.548817e+07  2.510028e+01  1.548817e+07  2.804772e+00 
 1.584893e+07  2.509083e+01  1.584893e+07  2.797039e+00 
 1.621810e+07  2.508095e+01  1.621810e+07  2.789134e+00 
 1.659587e+07  2.507062e+01  1.659587e+07  2.781054e+00 
 1.698244e+07  2.505982e+01  1.698244e+07  2.772795e+00 
 1.737801e+07  2.504852e+01  1.737801e+07  2.764353e+00 
 1.778279e+07  2.503671e+01  1.778279e+07  2.755726e+00 
 1.819701e+07  2.502436e+01  1.819701e+07  2.746908e+00 
 1.862087e+07  2.501145e+01  1.862087e+07  2.737898e+00 
 1.905461e+07  2.499795e+01  1.905461e+07  2.728690e+00 
 1.949845e+07  2.498385e+01  1.949845e+07  2.719282e+00 
 1.995262e+07  2.496910e+01  1.995262e+07  2.709670e+00 
 2.041738e+07  2.495369e+01  2.041738e+07  2.699849e+00 
 2.089296e+07  2.493759e+01  2.089296e+07  2.689817e+00 
 2.137962e+07  2.492076e+01  2.137962e+07  2.679568e+00 
 2.187762e+07  2.490317e+01  2.187762e+07  2.669100e+00 
 2.238721e+07  2.488480e+01  2.238721e+07  2.658408e+00 
 2.290868e+07  2.486562e+01  2.290868e+07  2.647489e+00 
 2.344229e+07  2.484557e+01  2.344229e+07  2.636339e+00 
 2.398833e+07  2.482464e+01  2.398833e+07  2.624953e+00 
 2.454709e+07  2.480278e+01  2.454709e+07  2.613328e+00 
 2.511886e+07  2.477995e+01  2.511886e+07  2.601461e+00 
 2.570396e+07  2.475612e+01  2.570396e+07  2.589347e+00 
 2.630268e+07  2.473124e+01  2.630268e+07  2.576982e+00 
 2.691535e+07  2.470527e+01  2.691535e+07  2.564363e+00 
 2.754229e+07  2.467817e+01  2.754229e+07  2.551485e+00 
 2.818383e+07  2.464989e+01  2.818383e+07  2.538346e+00 
 2.884032e+07  2.462038e+01  2.884032e+07  2.524940e+00 
 2.951209e+07  2.458960e+01  2.951209e+07  2.511266e+00 
 3.019952e+07  2.455750e+01  3.019952e+07  2.497319e+00 
 3.090295e+07  2.452402e+01  3.090295e+07  2.483095e+00 
 3.162278e+07  2.448911e+01  3.162278e+07  2.468591e+00 
 3.235937e+07  2.445273e+01  3.235937e+07  2.453804e+00 
 3.311311e+07  2.441480e+01  3.311311e+07  2.438731e+00 
 3.388442e+07  2.437527e+01  3.388442e+07  2.423368e+00 
 3.467369e+07  2.433409e+01  3.467369e+07  2.407712e+00 
 3.548134e+07  2.429120e+01  3.548134e+07  2.391760e+00 
 3.630781e+07  2.424652e+01  3.630781e+07  2.375510e+00 
 3.715352e+07  2.420001e+01  3.715352e+07  2.358959e+00 
 3.801894e+07  2.415158e+01  3.801894e+07  2.342104e+00 
 3.890451e+07  2.410118e+01  3.890451e+07  2.324943e+00 
 3.981072e+07  2.404874e+01  3.981072e+07  2.307474e+00 
 4.073803e+07  2.399419e+01  4.073803e+07  2.289695e+00 
 4.168694e+07  2.393746e+01  4.168694e+07  2.271603e+00 
 4.265795e+07  2.387847e+01  4.265795e+07  2.253198e+00 
 4.365158e+07  2.381715e+01  4.365158e+07  2.234478e+00 
 4.466836e+07  2.375343e+01  4.466836e+07  2.215441e+00 
 4.570882e+07  2.368722e+01  4.570882e+07  2.196087e+00 
 4.677351e+07  2.361847e+01  4.677351e+07  2.176416e+00 
 4.786301e+07  2.354708e+01  4.786301e+07  2.156426e+00 
 4.897788e+07  2.347298e+01  4.897788e+07  2.136118e+00 
 5.011872e+07  2.339609e+01  5.011872e+07  2.115491e+00 
 5.128614e+07  2.331632e+01  5.128614e+07  2.094546e+00 
 5.248075e+07  2.323361e+01  5.248075e+07  2.073284e+00 
 5.370318e+07  2.314786e+01  5.370318e+07  2.051706e+00 
 5.495409e+07  2.305900e+01  5.495409e+07  2.029812e+00 
 5.623413e+07  2.296694e+01  5.623413e+07  2.007605e+00 
 5.754399e+07  2.287160e+01  5.754399e+07  1.985086e+00 
 5.888437e+07  2.277290e+01  5.888437e+07  1.962258e+00 
 6.025596e+07  2.267076e+01  6.025596e+07  1.939123e+00 
 6.165950e+07  2.256510e+01  6.165950e+07  1.915683e+00 
 6.309573e+07  2.245584e+01  6.309573e+07  1.891942e+00 
 6.456542e+07  2.234289e+01  6.456542e+07  1.867904e+00 
 6.606934e+07  2.222617e+01  6.606934e+07  1.843572e+00 
 6.760830e+07  2.210562e+01  6.760830e+07  1.818950e+00 
 6.918310e+07  2.198114e+01  6.918310e+07  1.794044e+00 
 7.079458e+07  2.185267e+01  7.079458e+07  1.768856e+00 
 7.244360e+07  2.172012e+01  7.244360e+07  1.743394e+00 
 7.413102e+07  2.158343e+01  7.413102e+07  1.717661e+00 
 7.585776e+07  2.144252e+01  7.585776e+07  1.691664e+00 
 7.762471e+07  2.129732e+01  7.762471e+07  1.665408e+00 
 7.943282e+07  2.114775e+01  7.943282e+07  1.638900e+00 
 8.128305e+07  2.099377e+01  8.128305e+07  1.612147e+00 
 8.317638e+07  2.083529e+01  8.317638e+07  1.585155e+00 
 8.511380e+07  2.067226e+01  8.511380e+07  1.557930e+00 
 8.709636e+07  2.050462e+01  8.709636e+07  1.530482e+00 
 8.912509e+07  2.033230e+01  8.912509e+07  1.502816e+00 
 9.120108e+07  2.015525e+01  9.120108e+07  1.474941e+00 
 9.332543e+07  1.997342e+01  9.332543e+07  1.446864e+00 
 9.549926e+07  1.978676e+01  9.549926e+07  1.418594e+00 
 9.772372e+07  1.959522e+01  9.772372e+07  1.390138e+00 
 1.000000e+08  1.939876e+01  1.000000e+08  1.361506e+00 
 1.023293e+08  1.919732e+01  1.023293e+08  1.332706e+00 
 1.047129e+08  1.899087e+01  1.047129e+08  1.303746e+00 
 1.071519e+08  1.877938e+01  1.071519e+08  1.274636e+00 
 1.096478e+08  1.856281e+01  1.096478e+08  1.245384e+00 
 1.122018e+08  1.834113e+01  1.122018e+08  1.215999e+00 
 1.148154e+08  1.811431e+01  1.148154e+08  1.186491e+00 
 1.174898e+08  1.788233e+01  1.174898e+08  1.156868e+00 
 1.202264e+08  1.764515e+01  1.202264e+08  1.127139e+00 
 1.230269e+08  1.740277e+01  1.230269e+08  1.097314e+00 
 1.258925e+08  1.715517e+01  1.258925e+08  1.067401e+00 
 1.288250e+08  1.690232e+01  1.288250e+08  1.037411e+00 
 1.318257e+08  1.664422e+01  1.318257e+08  1.007351e+00 
 1.348963e+08  1.638087e+01  1.348963e+08  9.772322e-01 
 1.380384e+08  1.611224e+01  1.380384e+08  9.470621e-01 
 1.412538e+08  1.583835e+01  1.412538e+08  9.168501e-01 
 1.445440e+08  1.555918e+01  1.445440e+08  8.866053e-01 
 1.479108e+08  1.527475e+01  1.479108e+08  8.563363e-01 
 1.513561e+08  1.498504e+01  1.513561e+08  8.260521e-01 
 1.548817e+08  1.469008e+01  1.548817e+08  7.957612e-01 
 1.584893e+08  1.438986e+01  1.584893e+08  7.654722e-01 
 1.621810e+08  1.408439e+01  1.621810e+08  7.351936e-01 
 1.659587e+08  1.377370e+01  1.659587e+08  7.049337e-01 
 1.698244e+08  1.345778e+01  1.698244e+08  6.747008e-01 
 1.737801e+08  1.313666e+01  1.737801e+08  6.445030e-01 
 1.778279e+08  1.281036e+01  1.778279e+08  6.143482e-01 
 1.819701e+08  1.247889e+01  1.819701e+08  5.842443e-01 
 1.862087e+08  1.214227e+01  1.862087e+08  5.541991e-01 
 1.905461e+08  1.180053e+01  1.905461e+08  5.242202e-01 
 1.949845e+08  1.145369e+01  1.949845e+08  4.943150e-01 
 1.995262e+08  1.110177e+01  1.995262e+08  4.644908e-01 
 2.041738e+08  1.074481e+01  2.041738e+08  4.347550e-01 
 2.089296e+08  1.038282e+01  2.089296e+08  4.051145e-01 
 2.137962e+08  1.001585e+01  2.137962e+08  3.755764e-01 
 2.187762e+08  9.643910e+00  2.187762e+08  3.461475e-01 
 2.238721e+08  9.267042e+00  2.238721e+08  3.168346e-01 
 2.290868e+08  8.885277e+00  2.290868e+08  2.876441e-01 
 2.344229e+08  8.498647e+00  2.344229e+08  2.585826e-01 
 2.398833e+08  8.107187e+00  2.398833e+08  2.296565e-01 
 2.454709e+08  7.710933e+00  2.454709e+08  2.008719e-01 
 2.511886e+08  7.309922e+00  2.511886e+08  1.722351e-01 
 2.570396e+08  6.904191e+00  2.570396e+08  1.437521e-01 
 2.630268e+08  6.493778e+00  2.630268e+08  1.154287e-01 
 2.691535e+08  6.078723e+00  2.691535e+08  8.727075e-02 
 2.754229e+08  5.659068e+00  2.754229e+08  5.928394e-02 
 2.818383e+08  5.234852e+00  2.818383e+08  3.147385e-02 
 2.884032e+08  4.806119e+00  2.884032e+08  3.845907e-03 
 2.951209e+08  4.372912e+00  2.951209e+08 -2.359453e-02 
 3.019952e+08  3.935276e+00  3.019952e+08 -5.084225e-02 
 3.090295e+08  3.493255e+00  3.090295e+08 -7.789215e-02 
 3.162278e+08  3.046895e+00  3.162278e+08 -1.047392e-01 
 3.235937e+08  2.596245e+00  3.235937e+08 -1.313787e-01 
 3.311311e+08  2.141352e+00  3.311311e+08 -1.578057e-01 
 3.388442e+08  1.682264e+00  3.388442e+08 -1.840158e-01 
 3.467369e+08  1.219032e+00  3.467369e+08 -2.100045e-01 
 3.548134e+08  7.517053e-01  3.548134e+08 -2.357675e-01 
 3.630781e+08  2.803361e-01  3.630781e+08 -2.613006e-01 
 3.715352e+08 -1.950238e-01  3.715352e+08 -2.865998e-01 
 3.801894e+08 -6.743219e-01  3.801894e+08 -3.116612e-01 
 3.890451e+08 -1.157505e+00  3.890451e+08 -3.364812e-01 
 3.981072e+08 -1.644519e+00  3.981072e+08 -3.610563e-01 
 4.073803e+08 -2.135309e+00  4.073803e+08 -3.853830e-01 
 4.168694e+08 -2.629821e+00  4.168694e+08 -4.094582e-01 
 4.265795e+08 -3.128000e+00  4.265795e+08 -4.332788e-01 
 4.365158e+08 -3.629790e+00  4.365158e+08 -4.568421e-01 
 4.466836e+08 -4.135136e+00  4.466836e+08 -4.801453e-01 
 4.570882e+08 -4.643981e+00  4.570882e+08 -5.031860e-01 
 4.677351e+08 -5.156271e+00  4.677351e+08 -5.259617e-01 
 4.786301e+08 -5.671950e+00  4.786301e+08 -5.484705e-01 
 4.897788e+08 -6.190962e+00  4.897788e+08 -5.707103e-01 
 5.011872e+08 -6.713252e+00  5.011872e+08 -5.926794e-01 
 5.128614e+08 -7.238766e+00  5.128614e+08 -6.143760e-01 
 5.248075e+08 -7.767449e+00  5.248075e+08 -6.357988e-01 
 5.370318e+08 -8.299248e+00  5.370318e+08 -6.569464e-01 
 5.495409e+08 -8.834110e+00  5.495409e+08 -6.778176e-01 
 5.623413e+08 -9.371983e+00  5.623413e+08 -6.984115e-01 
 5.754399e+08 -9.912815e+00  5.754399e+08 -7.187271e-01 
 5.888437e+08 -1.045656e+01  5.888437e+08 -7.387636e-01 
 6.025596e+08 -1.100316e+01  6.025596e+08 -7.585205e-01 
 6.165950e+08 -1.155258e+01  6.165950e+08 -7.779970e-01 
 6.309573e+08 -1.210476e+01  6.309573e+08 -7.971928e-01 
 6.456542e+08 -1.265966e+01  6.456542e+08 -8.161074e-01 
 6.606934e+08 -1.321724e+01  6.606934e+08 -8.347405e-01 
 6.760830e+08 -1.377746e+01  6.760830e+08 -8.530916e-01 
 6.918310e+08 -1.434027e+01  6.918310e+08 -8.711606e-01 
 7.079458e+08 -1.490563e+01  7.079458e+08 -8.889471e-01 
 7.244360e+08 -1.547351e+01  7.244360e+08 -9.064508e-01 
 7.413102e+08 -1.604387e+01  7.413102e+08 -9.236713e-01 
 7.585776e+08 -1.661667e+01  7.585776e+08 -9.406081e-01 
 7.762471e+08 -1.719189e+01  7.762471e+08 -9.572608e-01 
 7.943282e+08 -1.776950e+01  7.943282e+08 -9.736287e-01 
 8.128305e+08 -1.834945e+01  8.128305e+08 -9.897110e-01 
 8.317638e+08 -1.893173e+01  8.317638e+08 -1.005507e+00 
 8.511380e+08 -1.951631e+01  8.511380e+08 -1.021015e+00 
 8.709636e+08 -2.010316e+01  8.709636e+08 -1.036234e+00 
 8.912509e+08 -2.069226e+01  8.912509e+08 -1.051163e+00 
 9.120108e+08 -2.128358e+01  9.120108e+08 -1.065800e+00 
 9.332543e+08 -2.187711e+01  9.332543e+08 -1.080142e+00 
 9.549926e+08 -2.247283e+01  9.549926e+08 -1.094187e+00 
 9.772372e+08 -2.307072e+01  9.772372e+08 -1.107932e+00 
 1.000000e+09 -2.367075e+01  1.000000e+09 -1.121374e+00 
 1.023293e+09 -2.427292e+01  1.023293e+09 -1.134509e+00 
 1.047129e+09 -2.487719e+01  1.047129e+09 -1.147333e+00 
 1.071519e+09 -2.548356e+01  1.071519e+09 -1.159841e+00 
 1.096478e+09 -2.609201e+01  1.096478e+09 -1.172029e+00 
 1.122018e+09 -2.670251e+01  1.122018e+09 -1.183889e+00 
 1.148154e+09 -2.731505e+01  1.148154e+09 -1.195416e+00 
 1.174898e+09 -2.792959e+01  1.174898e+09 -1.206603e+00 
 1.202264e+09 -2.854613e+01  1.202264e+09 -1.217442e+00 
 1.230269e+09 -2.916463e+01  1.230269e+09 -1.227925e+00 
 1.258925e+09 -2.978506e+01  1.258925e+09 -1.238041e+00 
 1.288250e+09 -3.040738e+01  1.288250e+09 -1.247781e+00 
 1.318257e+09 -3.103156e+01  1.318257e+09 -1.257135e+00 
 1.348963e+09 -3.165755e+01  1.348963e+09 -1.266090e+00 
 1.380384e+09 -3.228529e+01  1.380384e+09 -1.274634e+00 
 1.412538e+09 -3.291473e+01  1.412538e+09 -1.282753e+00 
 1.445440e+09 -3.354580e+01  1.445440e+09 -1.290433e+00 
 1.479108e+09 -3.417841e+01  1.479108e+09 -1.297660e+00 
 1.513561e+09 -3.481248e+01  1.513561e+09 -1.304416e+00 
 1.548817e+09 -3.544790e+01  1.548817e+09 -1.310686e+00 
 1.584893e+09 -3.608455e+01  1.584893e+09 -1.316451e+00 
 1.621810e+09 -3.672229e+01  1.621810e+09 -1.321694e+00 
 1.659587e+09 -3.736098e+01  1.659587e+09 -1.326396e+00 
 1.698244e+09 -3.800044e+01  1.698244e+09 -1.330537e+00 
 1.737801e+09 -3.864047e+01  1.737801e+09 -1.334098e+00 
 1.778279e+09 -3.928086e+01  1.778279e+09 -1.337059e+00 
 1.819701e+09 -3.992136e+01  1.819701e+09 -1.339401e+00 
 1.862087e+09 -4.056171e+01  1.862087e+09 -1.341105e+00 
 1.905461e+09 -4.120160e+01  1.905461e+09 -1.342153e+00 
 1.949845e+09 -4.184070e+01  1.949845e+09 -1.342527e+00 
 1.995262e+09 -4.247865e+01  1.995262e+09 -1.342212e+00 
 2.041738e+09 -4.311507e+01  2.041738e+09 -1.341194e+00 
 2.089296e+09 -4.374951e+01  2.089296e+09 -1.339462e+00 
 2.137962e+09 -4.438153e+01  2.137962e+09 -1.337009e+00 
 2.187762e+09 -4.501064e+01  2.187762e+09 -1.333830e+00 
 2.238721e+09 -4.563630e+01  2.238721e+09 -1.329926e+00 
 2.290868e+09 -4.625799e+01  2.290868e+09 -1.325302e+00 
 2.344229e+09 -4.687512e+01  2.344229e+09 -1.319971e+00 
 2.398833e+09 -4.748711e+01  2.398833e+09 -1.313949e+00 
 2.454709e+09 -4.809336e+01  2.454709e+09 -1.307263e+00 
 2.511886e+09 -4.869326e+01  2.511886e+09 -1.299944e+00 
 2.570396e+09 -4.928623e+01  2.570396e+09 -1.292034e+00 
 2.630268e+09 -4.987167e+01  2.630268e+09 -1.283581e+00 
 2.691535e+09 -5.044903e+01  2.691535e+09 -1.274644e+00 
 2.754229e+09 -5.101779e+01  2.754229e+09 -1.265287e+00 
 2.818383e+09 -5.157748e+01  2.818383e+09 -1.255585e+00 
 2.884032e+09 -5.212768e+01  2.884032e+09 -1.245618e+00 
 2.951209e+09 -5.266805e+01  2.951209e+09 -1.235473e+00 
 3.019952e+09 -5.319834e+01  3.019952e+09 -1.225243e+00 
 3.090295e+09 -5.371836e+01  3.090295e+09 -1.215023e+00 
 3.162278e+09 -5.422803e+01  3.162278e+09 -1.204911e+00 
 3.235937e+09 -5.472736e+01  3.235937e+09 -1.195007e+00 
 3.311311e+09 -5.521645e+01  3.311311e+09 -1.185410e+00 
 3.388442e+09 -5.569549e+01  3.388442e+09 -1.176214e+00 
 3.467369e+09 -5.616478e+01  3.467369e+09 -1.167512e+00 
 3.548134e+09 -5.662468e+01  3.548134e+09 -1.159391e+00 
 3.630781e+09 -5.707562e+01  3.630781e+09 -1.151930e+00 
 3.715352e+09 -5.751811e+01  3.715352e+09 -1.145201e+00 
 3.801894e+09 -5.795268e+01  3.801894e+09 -1.139268e+00 
 3.890451e+09 -5.837993e+01  3.890451e+09 -1.134188e+00 
 3.981072e+09 -5.880047e+01  3.981072e+09 -1.130006e+00 
 4.073803e+09 -5.921492e+01  4.073803e+09 -1.126761e+00 
 4.168694e+09 -5.962393e+01  4.168694e+09 -1.124481e+00 
 4.265795e+09 -6.002812e+01  4.265795e+09 -1.123187e+00 
 4.365158e+09 -6.042810e+01  4.365158e+09 -1.122893e+00 
 4.466836e+09 -6.082449e+01  4.466836e+09 -1.123603e+00 
 4.570882e+09 -6.121785e+01  4.570882e+09 -1.125317e+00 
 4.677351e+09 -6.160873e+01  4.677351e+09 -1.128030e+00 
 4.786301e+09 -6.199765e+01  4.786301e+09 -1.131728e+00 
 4.897788e+09 -6.238507e+01  4.897788e+09 -1.136396e+00 
 5.011872e+09 -6.277145e+01  5.011872e+09 -1.142014e+00 
 5.128614e+09 -6.315718e+01  5.128614e+09 -1.148559e+00 
 5.248075e+09 -6.354265e+01  5.248075e+09 -1.156005e+00 
 5.370318e+09 -6.392817e+01  5.370318e+09 -1.164324e+00 
 5.495409e+09 -6.431406e+01  5.495409e+09 -1.173487e+00 
 5.623413e+09 -6.470057e+01  5.623413e+09 -1.183464e+00 
 5.754399e+09 -6.508794e+01  5.754399e+09 -1.194222e+00 
 5.888437e+09 -6.547638e+01  5.888437e+09 -1.205730e+00 
 6.025596e+09 -6.586605e+01  6.025596e+09 -1.217955e+00 
 6.165950e+09 -6.625711e+01  6.165950e+09 -1.230865e+00 
 6.309573e+09 -6.664969e+01  6.309573e+09 -1.244427e+00 
 6.456542e+09 -6.704387e+01  6.456542e+09 -1.258609e+00 
 6.606934e+09 -6.743976e+01  6.606934e+09 -1.273380e+00 
 6.760830e+09 -6.783739e+01  6.760830e+09 -1.288708e+00 
 6.918310e+09 -6.823683e+01  6.918310e+09 -1.304563e+00 
 7.079458e+09 -6.863809e+01  7.079458e+09 -1.320914e+00 
 7.244360e+09 -6.904120e+01  7.244360e+09 -1.337732e+00 
 7.413102e+09 -6.944614e+01  7.413102e+09 -1.354988e+00 
 7.585776e+09 -6.985292e+01  7.585776e+09 -1.372654e+00 
 7.762471e+09 -7.026150e+01  7.762471e+09 -1.390703e+00 
 7.943282e+09 -7.067185e+01  7.943282e+09 -1.409108e+00 
 8.128305e+09 -7.108394e+01  8.128305e+09 -1.427843e+00 
 8.317638e+09 -7.149771e+01  8.317638e+09 -1.446883e+00 
 8.511380e+09 -7.191311e+01  8.511380e+09 -1.466204e+00 
 8.709636e+09 -7.233008e+01  8.709636e+09 -1.485782e+00 
 8.912509e+09 -7.274855e+01  8.912509e+09 -1.505593e+00 
 9.120108e+09 -7.316845e+01  9.120108e+09 -1.525616e+00 
 9.332543e+09 -7.358972e+01  9.332543e+09 -1.545829e+00 
 9.549926e+09 -7.401227e+01  9.549926e+09 -1.566211e+00 
 9.772372e+09 -7.443602e+01  9.772372e+09 -1.586740e+00 
 1.000000e+10 -7.486090e+01  1.000000e+10 -1.607399e+00 
 1.023293e+10 -7.528682e+01  1.023293e+10 -1.628166e+00 
 1.047129e+10 -7.571371e+01  1.047129e+10 -1.649025e+00 
 1.071519e+10 -7.614147e+01  1.071519e+10 -1.669956e+00 
 1.096478e+10 -7.657003e+01  1.096478e+10 -1.690942e+00 
 1.122018e+10 -7.699930e+01  1.122018e+10 -1.711967e+00 
 1.148154e+10 -7.742920e+01  1.148154e+10 -1.733014e+00 
 1.174898e+10 -7.785966e+01  1.174898e+10 -1.754068e+00 
 1.202264e+10 -7.829060e+01  1.202264e+10 -1.775112e+00 
 1.230269e+10 -7.872193e+01  1.230269e+10 -1.796134e+00 
 1.258925e+10 -7.915359e+01  1.258925e+10 -1.817118e+00 
 1.288250e+10 -7.958550e+01  1.288250e+10 -1.838051e+00 
 1.318257e+10 -8.001760e+01  1.318257e+10 -1.858920e+00 
 1.348963e+10 -8.044981e+01  1.348963e+10 -1.879713e+00 
 1.380384e+10 -8.088208e+01  1.380384e+10 -1.900417e+00 
 1.412538e+10 -8.131433e+01  1.412538e+10 -1.921020e+00 
 1.445440e+10 -8.174652e+01  1.445440e+10 -1.941512e+00 
 1.479108e+10 -8.217859e+01  1.479108e+10 -1.961882e+00 
 1.513561e+10 -8.261048e+01  1.513561e+10 -1.982121e+00 
 1.548817e+10 -8.304214e+01  1.548817e+10 -2.002218e+00 
 1.584893e+10 -8.347354e+01  1.584893e+10 -2.022164e+00 
 1.621810e+10 -8.390462e+01  1.621810e+10 -2.041951e+00 
 1.659587e+10 -8.433535e+01  1.659587e+10 -2.061571e+00 
 1.698244e+10 -8.476570e+01  1.698244e+10 -2.081016e+00 
 1.737801e+10 -8.519562e+01  1.737801e+10 -2.100278e+00 
 1.778279e+10 -8.562508e+01  1.778279e+10 -2.119352e+00 
 1.819701e+10 -8.605407e+01  1.819701e+10 -2.138230e+00 
 1.862087e+10 -8.648255e+01  1.862087e+10 -2.156907e+00 
 1.905461e+10 -8.691050e+01  1.905461e+10 -2.175378e+00 
 1.949845e+10 -8.733791e+01  1.949845e+10 -2.193636e+00 
 1.995262e+10 -8.776475e+01  1.995262e+10 -2.211679e+00 
 2.041738e+10 -8.819101e+01  2.041738e+10 -2.229501e+00 
 2.089296e+10 -8.861669e+01  2.089296e+10 -2.247098e+00 
 2.137962e+10 -8.904177e+01  2.137962e+10 -2.264468e+00 
 2.187762e+10 -8.946624e+01  2.187762e+10 -2.281607e+00 
 2.238721e+10 -8.989009e+01  2.238721e+10 -2.298512e+00 
 2.290868e+10 -9.031334e+01  2.290868e+10 -2.315182e+00 
 2.344229e+10 -9.073596e+01  2.344229e+10 -2.331614e+00 
 2.398833e+10 -9.115797e+01  2.398833e+10 -2.347806e+00 
 2.454709e+10 -9.157935e+01  2.454709e+10 -2.363757e+00 
 2.511886e+10 -9.200013e+01  2.511886e+10 -2.379467e+00 
 2.570396e+10 -9.242029e+01  2.570396e+10 -2.394934e+00 
 2.630268e+10 -9.283985e+01  2.630268e+10 -2.410157e+00 
 2.691535e+10 -9.325881e+01  2.691535e+10 -2.425138e+00 
 2.754229e+10 -9.367718e+01  2.754229e+10 -2.439875e+00 
 2.818383e+10 -9.409497e+01  2.818383e+10 -2.454369e+00 
 2.884032e+10 -9.451218e+01  2.884032e+10 -2.468620e+00 
 2.951209e+10 -9.492882e+01  2.951209e+10 -2.482630e+00 
 3.019952e+10 -9.534491e+01  3.019952e+10 -2.496399e+00 
 3.090295e+10 -9.576046e+01  3.090295e+10 -2.509929e+00 
 3.162278e+10 -9.617547e+01  3.162278e+10 -2.523220e+00 
 3.235937e+10 -9.658997e+01  3.235937e+10 -2.536274e+00 
 3.311311e+10 -9.700395e+01  3.311311e+10 -2.549094e+00 
 3.388442e+10 -9.741743e+01  3.388442e+10 -2.561680e+00 
 3.467369e+10 -9.783043e+01  3.467369e+10 -2.574034e+00 
 3.548134e+10 -9.824296e+01  3.548134e+10 -2.586160e+00 
 3.630781e+10 -9.865503e+01  3.630781e+10 -2.598058e+00 
 3.715352e+10 -9.906665e+01  3.715352e+10 -2.609731e+00 
 3.801894e+10 -9.947783e+01  3.801894e+10 -2.621182e+00 
 3.890451e+10 -9.988860e+01  3.890451e+10 -2.632414e+00 
 3.981072e+10 -1.002989e+02  3.981072e+10 -2.643427e+00 
 4.073803e+10 -1.007089e+02  4.073803e+10 -2.654227e+00 
 4.168694e+10 -1.011185e+02  4.168694e+10 -2.664814e+00 
 4.265795e+10 -1.015277e+02  4.265795e+10 -2.675192e+00 
 4.365158e+10 -1.019365e+02  4.365158e+10 -2.685364e+00 
 4.466836e+10 -1.023450e+02  4.466836e+10 -2.695333e+00 
 4.570882e+10 -1.027532e+02  4.570882e+10 -2.705101e+00 
 4.677351e+10 -1.031610e+02  4.677351e+10 -2.714671e+00 
 4.786301e+10 -1.035685e+02  4.786301e+10 -2.724047e+00 
 4.897788e+10 -1.039757e+02  4.897788e+10 -2.733231e+00 
 5.011872e+10 -1.043826e+02  5.011872e+10 -2.742227e+00 
 5.128614e+10 -1.047893e+02  5.128614e+10 -2.751037e+00 
 5.248075e+10 -1.051957e+02  5.248075e+10 -2.759664e+00 
 5.370318e+10 -1.056018e+02  5.370318e+10 -2.768112e+00 
 5.495409e+10 -1.060076e+02  5.495409e+10 -2.776384e+00 
 5.623413e+10 -1.064132e+02  5.623413e+10 -2.784482e+00 
 5.754399e+10 -1.068186e+02  5.754399e+10 -2.792409e+00 
 5.888437e+10 -1.072238e+02  5.888437e+10 -2.800169e+00 
 6.025596e+10 -1.076287e+02  6.025596e+10 -2.807765e+00 
 6.165950e+10 -1.080334e+02  6.165950e+10 -2.815199e+00 
 6.309573e+10 -1.084380e+02  6.309573e+10 -2.822475e+00 
 6.456542e+10 -1.088423e+02  6.456542e+10 -2.829595e+00 
 6.606934e+10 -1.092464e+02  6.606934e+10 -2.836562e+00 
 6.760830e+10 -1.096504e+02  6.760830e+10 -2.843380e+00 
 6.918310e+10 -1.100542e+02  6.918310e+10 -2.850050e+00 
 7.079458e+10 -1.104579e+02  7.079458e+10 -2.856577e+00 
 7.244360e+10 -1.108614e+02  7.244360e+10 -2.862962e+00 
 7.413102e+10 -1.112647e+02  7.413102e+10 -2.869208e+00 
 7.585776e+10 -1.116679e+02  7.585776e+10 -2.875319e+00 
 7.762471e+10 -1.120710e+02  7.762471e+10 -2.881296e+00 
 7.943282e+10 -1.124739e+02  7.943282e+10 -2.887143e+00 
 8.128305e+10 -1.128767e+02  8.128305e+10 -2.892861e+00 
 8.317638e+10 -1.132794e+02  8.317638e+10 -2.898455e+00 
 8.511380e+10 -1.136819e+02  8.511380e+10 -2.903925e+00 
 8.709636e+10 -1.140844e+02  8.709636e+10 -2.909276e+00 
 8.912509e+10 -1.144867e+02  8.912509e+10 -2.914508e+00 
 9.120108e+10 -1.148890e+02  9.120108e+10 -2.919625e+00 
 9.332543e+10 -1.152911e+02  9.332543e+10 -2.924629e+00 
 9.549926e+10 -1.156932e+02  9.549926e+10 -2.929522e+00 
 9.772372e+10 -1.160951e+02  9.772372e+10 -2.934307e+00 
 1.000000e+11 -1.164970e+02  1.000000e+11 -2.938986e+00 
